0	323.85
1	323.882
2	323.928
3	323.979
4	324.031
5	324.084
6	324.136
7	324.189
8	324.242
9	324.297
10	324.354
11	324.413
12	324.475
13	324.542
14	324.616
15	324.697
16	324.791
17	324.901
18	325.029
19	325.171
20	325.317
21	325.455
22	325.582
23	325.705
24	325.841
25	326.019
26	326.299
27	326.817
28	327.867
29	328.731
30	329.02
31	328.869
32	328.114
33	328.03
34	328.479
35	329.673
36	332.319
37	338.111
38	341.728
39	343.268
40	343.745
41	343.499
42	342.433
43	339.943
44	334.508
45	329.776
46	327.507
47	326.358
48	325.732
49	325.357
50	325.109
51	324.93
52	324.791
53	324.677
54	324.58
55	324.494
56	324.415
57	324.343
58	324.275
59	324.21
60	324.148
61	324.09
62	324.039
63	324.003
64	323.844
65	323.878
66	323.925
67	323.977
68	324.031
69	324.085
70	324.139
71	324.194
72	324.249
73	324.306
74	324.365
75	324.426
76	324.491
77	324.562
78	324.639
79	324.727
80	324.83
81	324.957
82	325.119
83	325.322
84	325.534
85	325.71
86	325.856
87	325.988
88	326.125
89	326.299
90	326.564
91	327.047
92	328.037
93	328.851
94	329.125
95	328.983
96	328.247
97	328.17
98	328.599
99	329.719
100	332.197
101	337.693
102	341.091
103	342.519
104	342.95
105	342.703
106	341.684
107	339.321
108	334.129
109	329.616
110	327.459
111	326.359
112	325.751
113	325.382
114	325.135
115	324.954
116	324.813
117	324.697
118	324.596
119	324.508
120	324.427
121	324.353
122	324.283
123	324.216
124	324.152
125	324.092
126	324.04
127	324.003
128	323.839
129	323.873
130	323.921
131	323.975
132	324.031
133	324.087
134	324.143
135	324.201
136	324.259
137	324.318
138	324.38
139	324.445
140	324.514
141	324.59
142	324.673
143	324.771
144	324.891
145	325.051
146	325.286
147	325.661
148	326.077
149	326.338
150	326.52
151	326.666
152	326.806
153	326.967
154	327.198
155	327.597
156	328.384
157	329.041
158	329.281
159	329.174
160	328.501
161	328.459
162	328.855
163	329.821
164	331.892
165	336.402
166	339.201
167	340.377
168	340.714
169	340.465
170	339.546
171	337.484
172	333.079
173	329.229
174	327.332
175	326.334
176	325.765
177	325.409
178	325.166
179	324.985
180	324.841
181	324.722
182	324.618
183	324.527
184	324.443
185	324.366
186	324.293
187	324.223
188	324.157
189	324.095
190	324.041
191	324.004
192	323.834
193	323.868
194	323.918
195	323.973
196	324.031
197	324.089
198	324.148
199	324.208
200	324.269
201	324.332
202	324.397
203	324.466
204	324.54
205	324.621
206	324.712
207	324.821
208	324.961
209	325.16
210	325.488
211	326.107
212	326.817
213	327.186
214	327.41
215	327.573
216	327.712
217	327.856
218	328.038
219	328.313
220	328.788
221	329.211
222	329.432
223	329.441
224	328.968
225	329.044
226	329.429
227	330.198
228	331.702
229	334.694
230	336.616
231	337.446
232	337.653
233	337.394
234	336.592
235	334.913
236	331.645
237	328.732
238	327.164
239	326.289
240	325.768
241	325.431
242	325.193
243	325.013
244	324.868
245	324.746
246	324.64
247	324.546
248	324.459
249	324.379
250	324.303
251	324.232
252	324.163
253	324.1
254	324.044
255	324.006
256	323.83
257	323.865
258	323.916
259	323.972
260	324.032
261	324.092
262	324.154
263	324.216
264	324.28
265	324.346
266	324.415
267	324.488
268	324.566
269	324.653
270	324.752
271	324.872
272	325.03
273	325.264
274	325.654
275	326.384
276	327.215
277	327.653
278	327.912
279	328.088
280	328.225
281	328.348
282	328.474
283	328.631
284	328.894
285	329.175
286	329.454
287	329.777
288	329.927
289	330.32
290	330.767
291	331.367
292	332.388
293	334.467
294	335.731
295	336.233
296	336.303
297	336.018
298	335.287
299	333.815
300	330.953
301	328.406
302	327.031
303	326.246
304	325.766
305	325.446
306	325.216
307	325.037
308	324.892
309	324.768
310	324.66
311	324.563
312	324.474
313	324.391
314	324.313
315	324.239
316	324.169
317	324.104
318	324.047
319	324.008
320	323.827
321	323.863
322	323.914
323	323.972
324	324.033
325	324.095
326	324.159
327	324.223
328	324.29
329	324.359
330	324.431
331	324.508
332	324.592
333	324.684
334	324.791
335	324.922
336	325.096
337	325.357
338	325.794
339	326.6
340	327.514
341	328.002
342	328.288
343	328.474
344	328.608
345	328.707
346	328.769
347	328.767
348	328.626
349	328.635
350	329.029
351	330.002
352	332.19
353	333.245
354	333.844
355	334.292
356	334.745
357	335.277
358	335.643
359	335.786
360	335.715
361	335.392
362	334.692
363	333.316
364	330.612
365	328.217
366	326.941
367	326.213
368	325.762
369	325.456
370	325.232
371	325.056
372	324.911
373	324.787
374	324.677
375	324.578
376	324.487
377	324.402
378	324.322
379	324.247
380	324.175
381	324.108
382	324.05
383	324.011
384	323.825
385	323.861
386	323.913
387	323.972
388	324.034
389	324.098
390	324.163
391	324.23
392	324.299
393	324.371
394	324.447
395	324.528
396	324.615
397	324.713
398	324.827
399	324.968
400	325.157
401	325.442
402	325.925
403	326.836
404	327.873
405	328.412
406	328.721
407	328.916
408	329.047
409	329.126
410	329.13
411	328.982
412	328.455
413	328.199
414	328.677
415	330.186
416	333.968
417	335.573
418	336.307
419	336.645
420	336.669
421	336.05
422	335.74
423	335.613
424	335.434
425	335.079
426	334.39
427	333.06
428	330.427
429	328.102
430	326.879
431	326.186
432	325.755
433	325.461
434	325.243
435	325.07
436	324.926
437	324.801
438	324.69
439	324.59
440	324.498
441	324.411
442	324.33
443	324.253
444	324.18
445	324.112
446	324.053
447	324.014
448	323.823
449	323.859
450	323.912
451	323.972
452	324.035
453	324.1
454	324.167
455	324.236
456	324.308
457	324.382
458	324.461
459	324.545
460	324.637
461	324.74
462	324.861
463	325.011
464	325.213
465	325.516
466	326.028
467	327.003
468	328.118
469	328.688
470	329.013
471	329.217
472	329.347
473	329.414
474	329.387
475	329.167
476	328.485
477	328.114
478	328.598
479	330.25
480	334.353
481	336.109
482	336.875
483	337.164
484	337.049
485	336.17
486	335.673
487	335.449
488	335.227
489	334.86
490	334.184
491	332.884
492	330.294
493	328.014
494	326.828
495	326.16
496	325.746
497	325.462
498	325.25
499	325.08
500	324.937
501	324.812
502	324.701
503	324.6
504	324.506
505	324.418
506	324.336
507	324.258
508	324.183
509	324.115
510	324.056
511	324.016
512	323.822
513	323.858
514	323.911
515	323.971
516	324.036
517	324.102
518	324.171
519	324.241
520	324.315
521	324.391
522	324.473
523	324.56
524	324.656
525	324.765
526	324.892
527	325.051
528	325.264
529	325.58
530	326.093
531	326.997
532	328.011
533	328.576
534	328.911
535	329.123
536	329.258
537	329.323
538	329.292
539	329.076
540	328.482
541	328.151
542	328.557
543	330.006
544	333.708
545	335.262
546	335.948
547	336.235
548	336.225
549	335.636
550	335.317
551	335.157
552	334.955
553	334.603
554	333.95
555	332.688
556	330.148
557	327.918
558	326.77
559	326.129
560	325.732
561	325.458
562	325.252
563	325.085
564	324.943
565	324.819
566	324.708
567	324.606
568	324.512
569	324.424
570	324.34
571	324.261
572	324.186
573	324.117
574	324.057
575	324.017
576	323.82
577	323.857
578	323.91
579	323.971
580	324.036
581	324.103
582	324.173
583	324.245
584	324.32
585	324.399
586	324.483
587	324.573
588	324.673
589	324.786
590	324.921
591	325.089
592	325.317
593	325.654
594	326.197
595	327.129
596	328.169
597	328.764
598	329.122
599	329.348
600	329.491
601	329.563
602	329.539
603	329.337
604	328.767
605	328.399
606	328.607
607	329.466
608	331.404
609	332.367
610	332.862
611	333.172
612	333.509
613	334.245
614	334.591
615	334.626
616	334.489
617	334.172
618	333.56
619	332.364
620	329.919
621	327.78
622	326.694
623	326.089
624	325.712
625	325.45
626	325.25
627	325.086
628	324.946
629	324.823
630	324.712
631	324.61
632	324.516
633	324.427
634	324.343
635	324.263
636	324.188
637	324.118
638	324.058
639	324.018
640	323.818
641	323.855
642	323.908
643	323.97
644	324.035
645	324.103
646	324.174
647	324.248
648	324.324
649	324.405
650	324.491
651	324.584
652	324.687
653	324.805
654	324.946
655	325.126
656	325.374
657	325.751
658	326.372
659	327.445
660	328.641
661	329.325
662	329.727
663	329.977
664	330.134
665	330.218
666	330.211
667	330.042
668	329.518
669	329.127
670	329.13
671	329.437
672	330.17
673	330.571
674	330.841
675	331.116
676	331.612
677	332.891
678	333.548
679	333.697
680	333.608
681	333.329
682	332.781
683	331.713
684	329.496
685	327.561
686	326.587
687	326.037
688	325.687
689	325.438
690	325.244
691	325.084
692	324.946
693	324.824
694	324.713
695	324.612
696	324.517
697	324.428
698	324.343
699	324.263
700	324.188
701	324.118
702	324.058
703	324.017
704	323.816
705	323.852
706	323.906
707	323.968
708	324.034
709	324.103
710	324.174
711	324.248
712	324.326
713	324.408
714	324.496
715	324.591
716	324.697
717	324.819
718	324.967
719	325.159
720	325.432
721	325.866
722	326.631
723	328.087
724	329.743
725	330.599
726	331.07
727	331.349
728	331.524
729	331.625
730	331.649
731	331.55
732	331.212
733	330.913
734	330.757
735	330.528
736	329.92
737	329.759
738	329.793
739	329.956
740	330.34
741	331.273
742	331.779
743	331.899
744	331.816
745	331.568
746	331.104
747	330.262
748	328.663
749	327.242
750	326.458
751	325.981
752	325.66
753	325.424
754	325.236
755	325.08
756	324.944
757	324.822
758	324.712
759	324.611
760	324.516
761	324.427
762	324.342
763	324.262
764	324.186
765	324.117
766	324.057
767	324.016
768	323.813
769	323.849
770	323.903
771	323.965
772	324.031
773	324.101
774	324.173
775	324.247
776	324.326
777	324.409
778	324.498
779	324.595
780	324.703
781	324.828
782	324.981
783	325.183
784	325.478
785	325.964
786	326.872
787	328.759
788	330.945
789	331.975
790	332.509
791	332.815
792	333.006
793	333.126
794	333.185
795	333.171
796	333.079
797	332.939
798	332.702
799	332.063
800	330.152
801	329.548
802	329.402
803	329.443
804	329.612
805	329.906
806	330.087
807	330.111
808	330.003
809	329.769
810	329.37
811	328.74
812	327.828
813	326.964
814	326.354
815	325.936
816	325.638
817	325.41
818	325.227
819	325.073
820	324.938
821	324.818
822	324.708
823	324.607
824	324.513
825	324.424
826	324.339
827	324.259
828	324.184
829	324.114
830	324.054
831	324.013
832	323.809
833	323.846
834	323.899
835	323.961
836	324.028
837	324.097
838	324.169
839	324.245
840	324.324
841	324.407
842	324.497
843	324.595
844	324.705
845	324.832
846	324.988
847	325.194
848	325.496
849	325.998
850	326.937
851	328.879
852	331.126
853	332.191
854	332.743
855	333.061
856	333.262
857	333.396
858	333.482
859	333.521
860	333.523
861	333.466
862	333.273
863	332.665
864	330.801
865	330.203
866	330.036
867	330.025
868	330.082
869	330.166
870	330.202
871	330.157
872	330.021
873	329.773
874	329.369
875	328.735
876	327.819
877	326.951
878	326.341
879	325.924
880	325.626
881	325.4
882	325.218
883	325.065
884	324.931
885	324.811
886	324.702
887	324.601
888	324.507
889	324.419
890	324.335
891	324.255
892	324.179
893	324.11
894	324.05
895	324.01
896	323.805
897	323.841
898	323.895
899	323.956
900	324.023
901	324.092
902	324.165
903	324.24
904	324.319
905	324.403
906	324.493
907	324.592
908	324.702
909	324.829
910	324.985
911	325.19
912	325.487
913	325.967
914	326.829
915	328.5
916	330.408
917	331.378
918	331.905
919	332.217
920	332.422
921	332.565
922	332.67
923	332.744
924	332.799
925	332.826
926	332.803
927	332.663
928	332.28
929	332.135
930	332.101
931	332.111
932	332.131
933	332.143
934	332.117
935	332.032
936	331.868
937	331.586
938	331.105
939	330.252
940	328.636
941	327.204
942	326.417
943	325.942
944	325.624
945	325.391
946	325.208
947	325.054
948	324.921
949	324.802
950	324.693
951	324.593
952	324.5
953	324.412
954	324.328
955	324.249
956	324.173
957	324.104
958	324.045
959	324.005
960	323.799
961	323.836
962	323.889
963	323.95
964	324.017
965	324.086
966	324.158
967	324.234
968	324.313
969	324.396
970	324.486
971	324.585
972	324.694
973	324.821
974	324.975
975	325.175
976	325.46
977	325.907
978	326.676
979	328.087
980	329.68
981	330.538
982	331.026
983	331.326
984	331.529
985	331.678
986	331.795
987	331.895
988	331.989
989	332.097
990	332.258
991	332.59
992	333.487
993	333.805
994	333.936
995	333.996
996	334.017
997	334.006
998	333.954
999	333.846
1000	333.658
1001	333.337
1002	332.768
1003	331.684
1004	329.443
1005	327.492
1006	326.516
1007	325.97
1008	325.625
1009	325.383
1010	325.195
1011	325.041
1012	324.908
1013	324.79
1014	324.682
1015	324.583
1016	324.49
1017	324.402
1018	324.319
1019	324.241
1020	324.166
1021	324.097
1022	324.038
1023	323.998
1024	323.793
1025	323.829
1026	323.882
1027	323.943
1028	324.009
1029	324.078
1030	324.15
1031	324.225
1032	324.304
1033	324.387
1034	324.476
1035	324.574
1036	324.682
1037	324.807
1038	324.958
1039	325.153
1040	325.426
1041	325.847
1042	326.561
1043	327.868
1044	329.345
1045	330.141
1046	330.6
1047	330.888
1048	331.088
1049	331.239
1050	331.365
1051	331.481
1052	331.606
1053	331.773
1054	332.056
1055	332.632
1056	333.946
1057	334.504
1058	334.747
1059	334.852
1060	334.885
1061	334.869
1062	334.806
1063	334.686
1064	334.48
1065	334.129
1066	333.499
1067	332.29
1068	329.822
1069	327.668
1070	326.584
1071	325.988
1072	325.622
1073	325.37
1074	325.18
1075	325.025
1076	324.892
1077	324.775
1078	324.668
1079	324.57
1080	324.478
1081	324.391
1082	324.309
1083	324.231
1084	324.157
1085	324.089
1086	324.03
1087	323.991
1088	323.786
1089	323.822
1090	323.874
1091	323.935
1092	324
1093	324.069
1094	324.14
1095	324.214
1096	324.292
1097	324.375
1098	324.463
1099	324.559
1100	324.666
1101	324.789
1102	324.936
1103	325.125
1104	325.388
1105	325.792
1106	326.476
1107	327.738
1108	329.168
1109	329.93
1110	330.37
1111	330.65
1112	330.845
1113	330.997
1114	331.128
1115	331.254
1116	331.4
1117	331.604
1118	331.954
1119	332.644
1120	334.111
1121	334.78
1122	335.086
1123	335.22
1124	335.264
1125	335.25
1126	335.184
1127	335.057
1128	334.841
1129	334.472
1130	333.807
1131	332.539
1132	329.984
1133	327.749
1134	326.612
1135	325.988
1136	325.609
1137	325.352
1138	325.16
1139	325.005
1140	324.873
1141	324.757
1142	324.651
1143	324.554
1144	324.464
1145	324.378
1146	324.297
1147	324.22
1148	324.147
1149	324.079
1150	324.021
1151	323.982
1152	323.778
1153	323.814
1154	323.865
1155	323.926
1156	323.99
1157	324.058
1158	324.128
1159	324.202
1160	324.279
1161	324.36
1162	324.447
1163	324.541
1164	324.646
1165	324.766
1166	324.91
1167	325.093
1168	325.347
1169	325.738
1170	326.405
1171	327.644
1172	329.05
1173	329.794
1174	330.221
1175	330.492
1176	330.684
1177	330.835
1178	330.967
1179	331.1
1180	331.257
1181	331.482
1182	331.866
1183	332.606
1184	334.134
1185	334.852
1186	335.19
1187	335.342
1188	335.395
1189	335.383
1190	335.316
1191	335.187
1192	334.966
1193	334.588
1194	333.909
1195	332.616
1196	330.029
1197	327.763
1198	326.606
1199	325.969
1200	325.585
1201	325.326
1202	325.134
1203	324.98
1204	324.85
1205	324.735
1206	324.632
1207	324.536
1208	324.447
1209	324.363
1210	324.283
1211	324.207
1212	324.134
1213	324.068
1214	324.011
1215	323.972
1216	323.769
1217	323.804
1218	323.855
1219	323.915
1220	323.979
1221	324.046
1222	324.115
1223	324.187
1224	324.263
1225	324.343
1226	324.428
1227	324.52
1228	324.623
1229	324.739
1230	324.878
1231	325.055
1232	325.301
1233	325.682
1234	326.335
1235	327.558
1236	328.947
1237	329.677
1238	330.094
1239	330.357
1240	330.544
1241	330.692
1242	330.824
1243	330.959
1244	331.121
1245	331.355
1246	331.754
1247	332.515
1248	334.066
1249	334.804
1250	335.156
1251	335.317
1252	335.375
1253	335.365
1254	335.3
1255	335.171
1256	334.951
1257	334.572
1258	333.891
1259	332.593
1260	330
1261	327.729
1262	326.568
1263	325.932
1264	325.548
1265	325.291
1266	325.102
1267	324.951
1268	324.823
1269	324.711
1270	324.609
1271	324.516
1272	324.428
1273	324.345
1274	324.267
1275	324.192
1276	324.121
1277	324.055
1278	323.999
1279	323.961
1280	323.759
1281	323.794
1282	323.844
1283	323.903
1284	323.966
1285	324.032
1286	324.1
1287	324.171
1288	324.245
1289	324.323
1290	324.406
1291	324.496
1292	324.595
1293	324.708
1294	324.842
1295	325.012
1296	325.249
1297	325.618
1298	326.256
1299	327.462
1300	328.835
1301	329.55
1302	329.954
1303	330.209
1304	330.389
1305	330.533
1306	330.662
1307	330.795
1308	330.957
1309	331.192
1310	331.594
1311	332.358
1312	333.913
1313	334.654
1314	335.009
1315	335.172
1316	335.232
1317	335.224
1318	335.161
1319	335.036
1320	334.82
1321	334.447
1322	333.775
1323	332.489
1324	329.909
1325	327.651
1326	326.502
1327	325.874
1328	325.498
1329	325.248
1330	325.064
1331	324.917
1332	324.792
1333	324.683
1334	324.584
1335	324.493
1336	324.407
1337	324.326
1338	324.249
1339	324.176
1340	324.106
1341	324.041
1342	323.986
1343	323.948
1344	323.748
1345	323.782
1346	323.832
1347	323.89
1348	323.952
1349	324.016
1350	324.084
1351	324.153
1352	324.226
1353	324.302
1354	324.382
1355	324.469
1356	324.565
1357	324.673
1358	324.8
1359	324.962
1360	325.189
1361	325.542
1362	326.159
1363	327.34
1364	328.686
1365	329.379
1366	329.767
1367	330.01
1368	330.182
1369	330.319
1370	330.443
1371	330.572
1372	330.729
1373	330.958
1374	331.351
1375	332.103
1376	333.644
1377	334.374
1378	334.722
1379	334.881
1380	334.939
1381	334.933
1382	334.873
1383	334.753
1384	334.546
1385	334.188
1386	333.538
1387	332.283
1388	329.742
1389	327.521
1390	326.402
1391	325.796
1392	325.435
1393	325.195
1394	325.018
1395	324.877
1396	324.757
1397	324.652
1398	324.556
1399	324.467
1400	324.384
1401	324.305
1402	324.23
1403	324.158
1404	324.089
1405	324.026
1406	323.972
1407	323.935
1408	323.737
1409	323.77
1410	323.819
1411	323.876
1412	323.937
1413	324
1414	324.066
1415	324.133
1416	324.204
1417	324.278
1418	324.356
1419	324.44
1420	324.531
1421	324.633
1422	324.754
1423	324.906
1424	325.117
1425	325.447
1426	326.029
1427	327.162
1428	328.458
1429	329.113
1430	329.476
1431	329.702
1432	329.862
1433	329.991
1434	330.108
1435	330.229
1436	330.377
1437	330.592
1438	330.962
1439	331.68
1440	333.176
1441	333.873
1442	334.2
1443	334.349
1444	334.403
1445	334.396
1446	334.34
1447	334.229
1448	334.036
1449	333.704
1450	333.095
1451	331.906
1452	329.454
1453	327.319
1454	326.261
1455	325.694
1456	325.358
1457	325.133
1458	324.967
1459	324.833
1460	324.719
1461	324.617
1462	324.525
1463	324.439
1464	324.359
1465	324.282
1466	324.209
1467	324.138
1468	324.072
1469	324.01
1470	323.956
1471	323.92
1472	323.724
1473	323.757
1474	323.805
1475	323.861
1476	323.92
1477	323.982
1478	324.046
1479	324.112
1480	324.181
1481	324.252
1482	324.327
1483	324.407
1484	324.494
1485	324.591
1486	324.703
1487	324.842
1488	325.032
1489	325.326
1490	325.844
1491	326.874
1492	328.058
1493	328.642
1494	328.964
1495	329.166
1496	329.311
1497	329.429
1498	329.537
1499	329.648
1500	329.782
1501	329.974
1502	330.301
1503	330.941
1504	332.319
1505	332.939
1506	333.226
1507	333.355
1508	333.401
1509	333.393
1510	333.341
1511	333.24
1512	333.069
1513	332.775
1514	332.239
1515	331.183
1516	328.945
1517	327.006
1518	326.067
1519	325.566
1520	325.266
1521	325.062
1522	324.909
1523	324.784
1524	324.677
1525	324.58
1526	324.492
1527	324.409
1528	324.332
1529	324.257
1530	324.186
1531	324.118
1532	324.053
1533	323.992
1534	323.94
1535	323.904
1536	323.71
1537	323.742
1538	323.79
1539	323.844
1540	323.902
1541	323.963
1542	324.025
1543	324.089
1544	324.156
1545	324.225
1546	324.297
1547	324.373
1548	324.455
1549	324.545
1550	324.648
1551	324.772
1552	324.936
1553	325.176
1554	325.582
1555	326.366
1556	327.265
1557	327.718
1558	327.979
1559	328.15
1560	328.278
1561	328.383
1562	328.48
1563	328.579
1564	328.695
1565	328.853
1566	329.11
1567	329.594
1568	330.625
1569	331.09
1570	331.309
1571	331.409
1572	331.443
1573	331.434
1574	331.387
1575	331.299
1576	331.154
1577	330.913
1578	330.491
1579	329.685
1580	328
1581	326.538
1582	325.815
1583	325.414
1584	325.162
1585	324.984
1586	324.847
1587	324.732
1588	324.631
1589	324.54
1590	324.456
1591	324.377
1592	324.302
1593	324.231
1594	324.162
1595	324.095
1596	324.032
1597	323.973
1598	323.922
1599	323.887
1600	323.695
1601	323.727
1602	323.773
1603	323.827
1604	323.883
1605	323.942
1606	324.003
1607	324.065
1608	324.129
1609	324.196
1610	324.265
1611	324.337
1612	324.414
1613	324.498
1614	324.591
1615	324.699
1616	324.833
1617	325.012
1618	325.269
1619	325.638
1620	326.032
1621	326.307
1622	326.495
1623	326.633
1624	326.741
1625	326.834
1626	326.92
1627	327.006
1628	327.101
1629	327.221
1630	327.391
1631	327.653
1632	328.028
1633	328.272
1634	328.408
1635	328.474
1636	328.495
1637	328.483
1638	328.441
1639	328.367
1640	328.25
1641	328.069
1642	327.782
1643	327.32
1644	326.622
1645	325.97
1646	325.535
1647	325.25
1648	325.052
1649	324.903
1650	324.781
1651	324.677
1652	324.584
1653	324.498
1654	324.419
1655	324.344
1656	324.272
1657	324.203
1658	324.136
1659	324.072
1660	324.01
1661	323.953
1662	323.903
1663	323.869
1664	323.68
1665	323.711
1666	323.757
1667	323.809
1668	323.864
1669	323.921
1670	323.98
1671	324.04
1672	324.102
1673	324.166
1674	324.232
1675	324.3
1676	324.373
1677	324.45
1678	324.534
1679	324.628
1680	324.737
1681	324.87
1682	325.036
1683	325.237
1684	325.443
1685	325.615
1686	325.75
1687	325.858
1688	325.95
1689	326.03
1690	326.105
1691	326.178
1692	326.256
1693	326.344
1694	326.454
1695	326.593
1696	326.756
1697	326.88
1698	326.957
1699	326.997
1700	327.007
1701	326.993
1702	326.956
1703	326.894
1704	326.802
1705	326.671
1706	326.482
1707	326.219
1708	325.883
1709	325.555
1710	325.295
1711	325.098
1712	324.945
1713	324.821
1714	324.715
1715	324.621
1716	324.535
1717	324.456
1718	324.38
1719	324.309
1720	324.24
1721	324.174
1722	324.11
1723	324.048
1724	323.988
1725	323.932
1726	323.884
1727	323.851
1728	323.665
1729	323.695
1730	323.739
1731	323.79
1732	323.844
1733	323.9
1734	323.956
1735	324.015
1736	324.074
1737	324.135
1738	324.198
1739	324.263
1740	324.331
1741	324.402
1742	324.478
1743	324.56
1744	324.651
1745	324.753
1746	324.87
1747	324.998
1748	325.127
1749	325.243
1750	325.344
1751	325.432
1752	325.509
1753	325.579
1754	325.644
1755	325.706
1756	325.769
1757	325.835
1758	325.908
1759	325.989
1760	326.071
1761	326.137
1762	326.181
1763	326.203
1764	326.205
1765	326.19
1766	326.157
1767	326.106
1768	326.034
1769	325.937
1770	325.81
1771	325.649
1772	325.461
1773	325.273
1774	325.106
1775	324.966
1776	324.846
1777	324.742
1778	324.649
1779	324.565
1780	324.486
1781	324.412
1782	324.341
1783	324.274
1784	324.208
1785	324.145
1786	324.083
1787	324.023
1788	323.965
1789	323.911
1790	323.864
1791	323.832
1792	323.649
1793	323.679
1794	323.722
1795	323.771
1796	323.823
1797	323.877
1798	323.932
1799	323.988
1800	324.046
1801	324.104
1802	324.164
1803	324.225
1804	324.289
1805	324.354
1806	324.423
1807	324.496
1808	324.574
1809	324.657
1810	324.746
1811	324.839
1812	324.932
1813	325.019
1814	325.099
1815	325.171
1816	325.237
1817	325.298
1818	325.354
1819	325.408
1820	325.46
1821	325.511
1822	325.563
1823	325.614
1824	325.662
1825	325.7
1826	325.726
1827	325.737
1828	325.735
1829	325.72
1830	325.691
1831	325.648
1832	325.591
1833	325.517
1834	325.426
1835	325.317
1836	325.197
1837	325.074
1838	324.957
1839	324.851
1840	324.755
1841	324.667
1842	324.585
1843	324.509
1844	324.437
1845	324.368
1846	324.302
1847	324.238
1848	324.175
1849	324.115
1850	324.055
1851	323.997
1852	323.942
1853	323.889
1854	323.844
1855	323.812
1856	323.633
1857	323.662
1858	323.704
1859	323.751
1860	323.802
1861	323.854
1862	323.908
1863	323.962
1864	324.017
1865	324.072
1866	324.129
1867	324.187
1868	324.247
1869	324.308
1870	324.371
1871	324.436
1872	324.504
1873	324.575
1874	324.648
1875	324.722
1876	324.796
1877	324.866
1878	324.932
1879	324.994
1880	325.051
1881	325.104
1882	325.153
1883	325.199
1884	325.243
1885	325.284
1886	325.323
1887	325.359
1888	325.391
1889	325.415
1890	325.43
1891	325.435
1892	325.431
1893	325.416
1894	325.39
1895	325.354
1896	325.307
1897	325.249
1898	325.179
1899	325.1
1900	325.013
1901	324.924
1902	324.836
1903	324.751
1904	324.671
1905	324.595
1906	324.523
1907	324.454
1908	324.388
1909	324.324
1910	324.262
1911	324.201
1912	324.142
1913	324.084
1914	324.027
1915	323.971
1916	323.918
1917	323.867
1918	323.823
1919	323.792
1920	323.616
1921	323.644
1922	323.685
1923	323.731
1924	323.781
1925	323.831
1926	323.883
1927	323.935
1928	323.987
1929	324.04
1930	324.095
1931	324.149
1932	324.205
1933	324.262
1934	324.32
1935	324.38
1936	324.441
1937	324.503
1938	324.565
1939	324.628
1940	324.69
1941	324.749
1942	324.806
1943	324.86
1944	324.91
1945	324.956
1946	325
1947	325.04
1948	325.077
1949	325.111
1950	325.142
1951	325.17
1952	325.192
1953	325.209
1954	325.218
1955	325.22
1956	325.214
1957	325.2
1958	325.177
1959	325.146
1960	325.106
1961	325.059
1962	325.003
1963	324.941
1964	324.874
1965	324.804
1966	324.733
1967	324.663
1968	324.594
1969	324.528
1970	324.463
1971	324.4
1972	324.339
1973	324.28
1974	324.222
1975	324.164
1976	324.108
1977	324.053
1978	323.998
1979	323.945
1980	323.893
1981	323.844
1982	323.802
1983	323.772
1984	323.599
1985	323.626
1986	323.666
1987	323.711
1988	323.759
1989	323.807
1990	323.857
1991	323.907
1992	323.957
1993	324.008
1994	324.06
1995	324.112
1996	324.164
1997	324.218
1998	324.271
1999	324.326
2000	324.381
2001	324.436
2002	324.492
2003	324.547
2004	324.601
2005	324.653
2006	324.703
2007	324.75
2008	324.794
2009	324.836
2010	324.874
2011	324.91
2012	324.942
2013	324.971
2014	324.996
2015	325.018
2016	325.035
2017	325.047
2018	325.053
2019	325.053
2020	325.047
2021	325.033
2022	325.013
2023	324.986
2024	324.952
2025	324.912
2026	324.866
2027	324.815
2028	324.76
2029	324.702
2030	324.642
2031	324.582
2032	324.523
2033	324.464
2034	324.405
2035	324.348
2036	324.292
2037	324.236
2038	324.182
2039	324.128
2040	324.074
2041	324.022
2042	323.969
2043	323.918
2044	323.868
2045	323.821
2046	323.78
2047	323.751
2048	323.582
2049	323.608
2050	323.646
2051	323.69
2052	323.736
2053	323.783
2054	323.831
2055	323.879
2056	323.928
2057	323.976
2058	324.025
2059	324.074
2060	324.124
2061	324.174
2062	324.224
2063	324.274
2064	324.325
2065	324.375
2066	324.425
2067	324.474
2068	324.522
2069	324.569
2070	324.613
2071	324.655
2072	324.695
2073	324.732
2074	324.766
2075	324.798
2076	324.826
2077	324.851
2078	324.873
2079	324.891
2080	324.904
2081	324.913
2082	324.918
2083	324.916
2084	324.91
2085	324.897
2086	324.879
2087	324.855
2088	324.826
2089	324.791
2090	324.752
2091	324.709
2092	324.662
2093	324.612
2094	324.561
2095	324.508
2096	324.455
2097	324.402
2098	324.35
2099	324.297
2100	324.245
2101	324.193
2102	324.142
2103	324.091
2104	324.04
2105	323.99
2106	323.94
2107	323.891
2108	323.843
2109	323.798
2110	323.758
2111	323.73
2112	323.564
2113	323.59
2114	323.627
2115	323.669
2116	323.714
2117	323.759
2118	323.805
2119	323.851
2120	323.898
2121	323.944
2122	323.991
2123	324.037
2124	324.084
2125	324.131
2126	324.178
2127	324.224
2128	324.271
2129	324.317
2130	324.363
2131	324.407
2132	324.451
2133	324.493
2134	324.533
2135	324.571
2136	324.607
2137	324.64
2138	324.671
2139	324.699
2140	324.724
2141	324.746
2142	324.765
2143	324.78
2144	324.791
2145	324.798
2146	324.801
2147	324.799
2148	324.793
2149	324.781
2150	324.765
2151	324.744
2152	324.718
2153	324.688
2154	324.653
2155	324.616
2156	324.575
2157	324.531
2158	324.486
2159	324.44
2160	324.392
2161	324.344
2162	324.296
2163	324.247
2164	324.199
2165	324.151
2166	324.102
2167	324.054
2168	324.006
2169	323.958
2170	323.911
2171	323.864
2172	323.818
2173	323.774
2174	323.736
2175	323.709
2176	323.546
2177	323.571
2178	323.607
2179	323.648
2180	323.691
2181	323.735
2182	323.779
2183	323.823
2184	323.867
2185	323.912
2186	323.956
2187	324
2188	324.045
2189	324.089
2190	324.133
2191	324.176
2192	324.219
2193	324.262
2194	324.304
2195	324.345
2196	324.385
2197	324.423
2198	324.459
2199	324.494
2200	324.526
2201	324.557
2202	324.584
2203	324.61
2204	324.632
2205	324.652
2206	324.668
2207	324.681
2208	324.69
2209	324.696
2210	324.698
2211	324.696
2212	324.69
2213	324.679
2214	324.664
2215	324.645
2216	324.622
2217	324.595
2218	324.565
2219	324.532
2220	324.496
2221	324.457
2222	324.417
2223	324.375
2224	324.332
2225	324.288
2226	324.244
2227	324.199
2228	324.154
2229	324.109
2230	324.063
2231	324.018
2232	323.972
2233	323.927
2234	323.882
2235	323.837
2236	323.792
2237	323.75
2238	323.713
2239	323.688
2240	323.528
2241	323.552
2242	323.587
2243	323.626
2244	323.668
2245	323.71
2246	323.752
2247	323.795
2248	323.837
2249	323.88
2250	323.922
2251	323.964
2252	324.006
2253	324.047
2254	324.089
2255	324.129
2256	324.17
2257	324.209
2258	324.248
2259	324.286
2260	324.322
2261	324.357
2262	324.391
2263	324.422
2264	324.452
2265	324.48
2266	324.505
2267	324.528
2268	324.548
2269	324.565
2270	324.58
2271	324.591
2272	324.599
2273	324.604
2274	324.605
2275	324.603
2276	324.597
2277	324.587
2278	324.574
2279	324.557
2280	324.536
2281	324.512
2282	324.485
2283	324.455
2284	324.423
2285	324.388
2286	324.352
2287	324.314
2288	324.275
2289	324.234
2290	324.193
2291	324.152
2292	324.11
2293	324.067
2294	324.025
2295	323.982
2296	323.939
2297	323.895
2298	323.852
2299	323.809
2300	323.767
2301	323.727
2302	323.691
2303	323.666
2304	323.51
2305	323.533
2306	323.566
2307	323.605
2308	323.644
2309	323.685
2310	323.726
2311	323.767
2312	323.807
2313	323.848
2314	323.888
2315	323.928
2316	323.967
2317	324.007
2318	324.046
2319	324.084
2320	324.121
2321	324.158
2322	324.194
2323	324.229
2324	324.263
2325	324.295
2326	324.326
2327	324.355
2328	324.383
2329	324.408
2330	324.431
2331	324.451
2332	324.47
2333	324.485
2334	324.498
2335	324.509
2336	324.516
2337	324.52
2338	324.521
2339	324.518
2340	324.513
2341	324.504
2342	324.491
2343	324.476
2344	324.457
2345	324.435
2346	324.411
2347	324.384
2348	324.355
2349	324.323
2350	324.29
2351	324.255
2352	324.219
2353	324.182
2354	324.145
2355	324.106
2356	324.067
2357	324.027
2358	323.987
2359	323.946
2360	323.905
2361	323.864
2362	323.823
2363	323.782
2364	323.741
2365	323.703
2366	323.668
2367	323.645
2368	323.491
2369	323.514
2370	323.546
2371	323.583
2372	323.621
2373	323.66
2374	323.699
2375	323.738
2376	323.777
2377	323.816
2378	323.854
2379	323.892
2380	323.93
2381	323.967
2382	324.003
2383	324.039
2384	324.075
2385	324.109
2386	324.143
2387	324.175
2388	324.207
2389	324.237
2390	324.265
2391	324.292
2392	324.317
2393	324.34
2394	324.361
2395	324.38
2396	324.397
2397	324.411
2398	324.423
2399	324.432
2400	324.438
2401	324.442
2402	324.442
2403	324.44
2404	324.434
2405	324.426
2406	324.415
2407	324.401
2408	324.384
2409	324.364
2410	324.342
2411	324.317
2412	324.29
2413	324.262
2414	324.231
2415	324.2
2416	324.166
2417	324.132
2418	324.097
2419	324.061
2420	324.024
2421	323.987
2422	323.949
2423	323.911
2424	323.872
2425	323.833
2426	323.793
2427	323.754
2428	323.716
2429	323.679
2430	323.646
2431	323.623
2432	323.473
2433	323.494
2434	323.525
2435	323.561
2436	323.598
2437	323.635
2438	323.673
2439	323.71
2440	323.747
2441	323.784
2442	323.82
2443	323.857
2444	323.892
2445	323.927
2446	323.962
2447	323.996
2448	324.029
2449	324.061
2450	324.093
2451	324.123
2452	324.152
2453	324.18
2454	324.206
2455	324.231
2456	324.254
2457	324.276
2458	324.295
2459	324.313
2460	324.328
2461	324.341
2462	324.351
2463	324.36
2464	324.365
2465	324.368
2466	324.369
2467	324.366
2468	324.361
2469	324.354
2470	324.343
2471	324.33
2472	324.315
2473	324.297
2474	324.276
2475	324.254
2476	324.229
2477	324.203
2478	324.175
2479	324.146
2480	324.115
2481	324.083
2482	324.051
2483	324.017
2484	323.983
2485	323.947
2486	323.912
2487	323.875
2488	323.839
2489	323.802
2490	323.764
2491	323.727
2492	323.69
2493	323.655
2494	323.623
2495	323.601
2496	323.454
2497	323.475
2498	323.505
2499	323.539
2500	323.574
2501	323.61
2502	323.646
2503	323.682
2504	323.717
2505	323.752
2506	323.787
2507	323.821
2508	323.855
2509	323.888
2510	323.921
2511	323.953
2512	323.984
2513	324.015
2514	324.044
2515	324.072
2516	324.1
2517	324.126
2518	324.15
2519	324.173
2520	324.195
2521	324.215
2522	324.232
2523	324.248
2524	324.262
2525	324.274
2526	324.284
2527	324.292
2528	324.297
2529	324.299
2530	324.3
2531	324.297
2532	324.293
2533	324.286
2534	324.276
2535	324.264
2536	324.25
2537	324.233
2538	324.214
2539	324.194
2540	324.171
2541	324.147
2542	324.121
2543	324.094
2544	324.066
2545	324.036
2546	324.005
2547	323.974
2548	323.942
2549	323.909
2550	323.875
2551	323.841
2552	323.806
2553	323.771
2554	323.735
2555	323.7
2556	323.664
2557	323.631
2558	323.601
2559	323.58
2560	323.435
2561	323.455
2562	323.484
2563	323.517
2564	323.551
2565	323.585
2566	323.62
2567	323.654
2568	323.688
2569	323.721
2570	323.754
2571	323.787
2572	323.819
2573	323.85
2574	323.881
2575	323.911
2576	323.94
2577	323.969
2578	323.997
2579	324.023
2580	324.049
2581	324.073
2582	324.096
2583	324.117
2584	324.137
2585	324.156
2586	324.172
2587	324.187
2588	324.2
2589	324.211
2590	324.22
2591	324.227
2592	324.231
2593	324.234
2594	324.234
2595	324.232
2596	324.228
2597	324.221
2598	324.212
2599	324.201
2600	324.188
2601	324.172
2602	324.155
2603	324.136
2604	324.115
2605	324.093
2606	324.069
2607	324.044
2608	324.017
2609	323.99
2610	323.961
2611	323.932
2612	323.901
2613	323.87
2614	323.839
2615	323.806
2616	323.773
2617	323.74
2618	323.706
2619	323.672
2620	323.639
2621	323.607
2622	323.578
2623	323.558
2624	323.416
2625	323.436
2626	323.463
2627	323.495
2628	323.527
2629	323.56
2630	323.593
2631	323.626
2632	323.658
2633	323.69
2634	323.721
2635	323.752
2636	323.782
2637	323.812
2638	323.841
2639	323.87
2640	323.898
2641	323.924
2642	323.95
2643	323.975
2644	323.999
2645	324.022
2646	324.043
2647	324.063
2648	324.082
2649	324.099
2650	324.114
2651	324.128
2652	324.14
2653	324.15
2654	324.159
2655	324.165
2656	324.169
2657	324.171
2658	324.171
2659	324.169
2660	324.165
2661	324.159
2662	324.151
2663	324.141
2664	324.128
2665	324.114
2666	324.098
2667	324.081
2668	324.062
2669	324.041
2670	324.019
2671	323.995
2672	323.97
2673	323.945
2674	323.918
2675	323.89
2676	323.862
2677	323.833
2678	323.803
2679	323.772
2680	323.741
2681	323.71
2682	323.678
2683	323.645
2684	323.613
2685	323.583
2686	323.555
2687	323.536
2688	323.397
2689	323.416
2690	323.443
2691	323.472
2692	323.504
2693	323.535
2694	323.567
2695	323.598
2696	323.628
2697	323.659
2698	323.688
2699	323.718
2700	323.747
2701	323.775
2702	323.802
2703	323.829
2704	323.855
2705	323.881
2706	323.905
2707	323.929
2708	323.951
2709	323.972
2710	323.992
2711	324.011
2712	324.028
2713	324.044
2714	324.059
2715	324.071
2716	324.082
2717	324.092
2718	324.099
2719	324.105
2720	324.109
2721	324.111
2722	324.111
2723	324.109
2724	324.106
2725	324.1
2726	324.092
2727	324.083
2728	324.071
2729	324.058
2730	324.044
2731	324.027
2732	324.009
2733	323.99
2734	323.969
2735	323.948
2736	323.925
2737	323.901
2738	323.876
2739	323.85
2740	323.823
2741	323.795
2742	323.767
2743	323.738
2744	323.709
2745	323.679
2746	323.649
2747	323.618
2748	323.588
2749	323.559
2750	323.533
2751	323.515
2752	323.378
2753	323.396
2754	323.422
2755	323.45
2756	323.48
2757	323.51
2758	323.54
2759	323.57
2760	323.599
2761	323.628
2762	323.656
2763	323.684
2764	323.711
2765	323.738
2766	323.764
2767	323.789
2768	323.814
2769	323.838
2770	323.861
2771	323.883
2772	323.904
2773	323.924
2774	323.942
2775	323.96
2776	323.976
2777	323.991
2778	324.004
2779	324.016
2780	324.027
2781	324.035
2782	324.043
2783	324.048
2784	324.051
2785	324.053
2786	324.053
2787	324.052
2788	324.048
2789	324.043
2790	324.036
2791	324.027
2792	324.016
2793	324.004
2794	323.991
2795	323.975
2796	323.959
2797	323.941
2798	323.922
2799	323.901
2800	323.88
2801	323.857
2802	323.834
2803	323.81
2804	323.784
2805	323.759
2806	323.732
2807	323.705
2808	323.677
2809	323.649
2810	323.62
2811	323.591
2812	323.563
2813	323.535
2814	323.51
2815	323.493
2816	323.359
2817	323.376
2818	323.401
2819	323.428
2820	323.456
2821	323.485
2822	323.513
2823	323.542
2824	323.569
2825	323.597
2826	323.624
2827	323.65
2828	323.676
2829	323.701
2830	323.726
2831	323.75
2832	323.773
2833	323.795
2834	323.817
2835	323.838
2836	323.858
2837	323.876
2838	323.894
2839	323.91
2840	323.925
2841	323.939
2842	323.952
2843	323.963
2844	323.973
2845	323.981
2846	323.987
2847	323.992
2848	323.996
2849	323.997
2850	323.997
2851	323.996
2852	323.992
2853	323.987
2854	323.981
2855	323.973
2856	323.963
2857	323.952
2858	323.939
2859	323.925
2860	323.909
2861	323.893
2862	323.875
2863	323.856
2864	323.836
2865	323.815
2866	323.793
2867	323.77
2868	323.746
2869	323.722
2870	323.697
2871	323.672
2872	323.646
2873	323.619
2874	323.592
2875	323.565
2876	323.538
2877	323.511
2878	323.488
2879	323.472
2880	323.34
2881	323.357
2882	323.38
2883	323.406
2884	323.433
2885	323.46
2886	323.487
2887	323.514
2888	323.54
2889	323.566
2890	323.591
2891	323.616
2892	323.641
2893	323.665
2894	323.688
2895	323.711
2896	323.733
2897	323.754
2898	323.774
2899	323.794
2900	323.812
2901	323.83
2902	323.846
2903	323.862
2904	323.876
2905	323.889
2906	323.901
2907	323.911
2908	323.92
2909	323.928
2910	323.934
2911	323.938
2912	323.941
2913	323.943
2914	323.943
2915	323.942
2916	323.938
2917	323.934
2918	323.928
2919	323.92
2920	323.911
2921	323.901
2922	323.889
2923	323.876
2924	323.861
2925	323.846
2926	323.829
2927	323.811
2928	323.792
2929	323.773
2930	323.752
2931	323.731
2932	323.709
2933	323.686
2934	323.663
2935	323.639
2936	323.614
2937	323.589
2938	323.564
2939	323.538
2940	323.512
2941	323.488
2942	323.465
2943	323.45
2944	323.321
2945	323.337
2946	323.359
2947	323.383
2948	323.409
2949	323.435
2950	323.46
2951	323.486
2952	323.511
2953	323.535
2954	323.559
2955	323.583
2956	323.606
2957	323.629
2958	323.651
2959	323.672
2960	323.693
2961	323.713
2962	323.732
2963	323.75
2964	323.768
2965	323.784
2966	323.8
2967	323.814
2968	323.827
2969	323.84
2970	323.851
2971	323.86
2972	323.869
2973	323.876
2974	323.881
2975	323.886
2976	323.889
2977	323.89
2978	323.89
2979	323.889
2980	323.886
2981	323.882
2982	323.876
2983	323.869
2984	323.861
2985	323.851
2986	323.84
2987	323.828
2988	323.814
2989	323.8
2990	323.784
2991	323.767
2992	323.75
2993	323.732
2994	323.712
2995	323.692
2996	323.672
2997	323.65
2998	323.628
2999	323.606
3000	323.583
3001	323.559
3002	323.535
3003	323.511
3004	323.487
3005	323.464
3006	323.443
3007	323.428
3008	323.302
3009	323.317
3010	323.337
3011	323.361
3012	323.385
3013	323.41
3014	323.434
3015	323.458
3016	323.482
3017	323.505
3018	323.527
3019	323.55
3020	323.572
3021	323.593
3022	323.614
3023	323.634
3024	323.653
3025	323.672
3026	323.69
3027	323.707
3028	323.724
3029	323.739
3030	323.754
3031	323.767
3032	323.78
3033	323.791
3034	323.801
3035	323.811
3036	323.818
3037	323.825
3038	323.83
3039	323.835
3040	323.837
3041	323.839
3042	323.839
3043	323.837
3044	323.835
3045	323.831
3046	323.825
3047	323.819
3048	323.811
3049	323.802
3050	323.792
3051	323.78
3052	323.768
3053	323.754
3054	323.74
3055	323.724
3056	323.708
3057	323.691
3058	323.673
3059	323.654
3060	323.635
3061	323.615
3062	323.594
3063	323.573
3064	323.552
3065	323.53
3066	323.507
3067	323.484
3068	323.462
3069	323.44
3070	323.42
3071	323.407
3072	323.283
3073	323.296
3074	323.316
3075	323.338
3076	323.361
3077	323.384
3078	323.407
3079	323.43
3080	323.452
3081	323.474
3082	323.496
3083	323.517
3084	323.537
3085	323.557
3086	323.577
3087	323.596
3088	323.614
3089	323.632
3090	323.649
3091	323.665
3092	323.68
3093	323.695
3094	323.709
3095	323.721
3096	323.733
3097	323.744
3098	323.753
3099	323.762
3100	323.769
3101	323.776
3102	323.781
3103	323.784
3104	323.787
3105	323.788
3106	323.788
3107	323.787
3108	323.785
3109	323.781
3110	323.776
3111	323.77
3112	323.763
3113	323.754
3114	323.745
3115	323.734
3116	323.722
3117	323.71
3118	323.696
3119	323.682
3120	323.667
3121	323.65
3122	323.634
3123	323.616
3124	323.598
3125	323.58
3126	323.56
3127	323.541
3128	323.521
3129	323.5
3130	323.479
3131	323.458
3132	323.437
3133	323.416
3134	323.398
3135	323.385
3136	323.263
3137	323.276
3138	323.295
3139	323.316
3140	323.337
3141	323.359
3142	323.381
3143	323.402
3144	323.423
3145	323.444
3146	323.464
3147	323.484
3148	323.503
3149	323.522
3150	323.54
3151	323.558
3152	323.575
3153	323.592
3154	323.608
3155	323.623
3156	323.638
3157	323.651
3158	323.664
3159	323.676
3160	323.687
3161	323.697
3162	323.706
3163	323.714
3164	323.721
3165	323.727
3166	323.732
3167	323.735
3168	323.738
3169	323.739
3170	323.739
3171	323.738
3172	323.735
3173	323.732
3174	323.727
3175	323.722
3176	323.715
3177	323.707
3178	323.698
3179	323.688
3180	323.678
3181	323.666
3182	323.653
3183	323.64
3184	323.625
3185	323.611
3186	323.595
3187	323.579
3188	323.562
3189	323.544
3190	323.527
3191	323.508
3192	323.489
3193	323.47
3194	323.451
3195	323.431
3196	323.411
3197	323.392
3198	323.375
3199	323.363
3200	323.243
3201	323.256
3202	323.273
3203	323.293
3204	323.313
3205	323.334
3206	323.354
3207	323.374
3208	323.394
3209	323.413
3210	323.432
3211	323.451
3212	323.469
3213	323.487
3214	323.504
3215	323.521
3216	323.537
3217	323.552
3218	323.567
3219	323.582
3220	323.595
3221	323.608
3222	323.62
3223	323.631
3224	323.642
3225	323.651
3226	323.66
3227	323.667
3228	323.674
3229	323.679
3230	323.683
3231	323.687
3232	323.689
3233	323.69
3234	323.69
3235	323.689
3236	323.687
3237	323.684
3238	323.68
3239	323.674
3240	323.668
3241	323.661
3242	323.653
3243	323.643
3244	323.633
3245	323.622
3246	323.611
3247	323.598
3248	323.585
3249	323.571
3250	323.556
3251	323.541
3252	323.526
3253	323.509
3254	323.493
3255	323.476
3256	323.458
3257	323.441
3258	323.422
3259	323.404
3260	323.386
3261	323.368
3262	323.352
3263	323.341
3264	323.224
3265	323.235
3266	323.251
3267	323.27
3268	323.289
3269	323.308
3270	323.327
3271	323.346
3272	323.364
3273	323.382
3274	323.4
3275	323.418
3276	323.435
3277	323.451
3278	323.468
3279	323.483
3280	323.499
3281	323.513
3282	323.527
3283	323.541
3284	323.553
3285	323.565
3286	323.577
3287	323.587
3288	323.597
3289	323.606
3290	323.614
3291	323.621
3292	323.627
3293	323.632
3294	323.636
3295	323.639
3296	323.641
3297	323.642
3298	323.643
3299	323.642
3300	323.64
3301	323.637
3302	323.633
3303	323.628
3304	323.622
3305	323.615
3306	323.608
3307	323.599
3308	323.59
3309	323.579
3310	323.568
3311	323.557
3312	323.545
3313	323.532
3314	323.518
3315	323.504
3316	323.49
3317	323.475
3318	323.459
3319	323.443
3320	323.427
3321	323.411
3322	323.394
3323	323.377
3324	323.36
3325	323.344
3326	323.329
3327	323.319
3328	323.203
3329	323.214
3330	323.229
3331	323.246
3332	323.264
3333	323.282
3334	323.3
3335	323.317
3336	323.335
3337	323.352
3338	323.368
3339	323.385
3340	323.401
3341	323.416
3342	323.431
3343	323.446
3344	323.46
3345	323.474
3346	323.487
3347	323.5
3348	323.512
3349	323.523
3350	323.534
3351	323.544
3352	323.553
3353	323.561
3354	323.568
3355	323.575
3356	323.581
3357	323.585
3358	323.589
3359	323.592
3360	323.594
3361	323.595
3362	323.595
3363	323.595
3364	323.593
3365	323.59
3366	323.586
3367	323.582
3368	323.576
3369	323.57
3370	323.563
3371	323.555
3372	323.546
3373	323.537
3374	323.527
3375	323.516
3376	323.504
3377	323.492
3378	323.48
3379	323.467
3380	323.453
3381	323.44
3382	323.425
3383	323.411
3384	323.396
3385	323.381
3386	323.365
3387	323.35
3388	323.334
3389	323.319
3390	323.306
3391	323.297
3392	323.183
3393	323.193
3394	323.207
3395	323.223
3396	323.239
3397	323.256
3398	323.272
3399	323.289
3400	323.305
3401	323.321
3402	323.336
3403	323.352
3404	323.366
3405	323.381
3406	323.395
3407	323.409
3408	323.423
3409	323.435
3410	323.448
3411	323.46
3412	323.471
3413	323.481
3414	323.491
3415	323.5
3416	323.509
3417	323.517
3418	323.524
3419	323.53
3420	323.535
3421	323.54
3422	323.543
3423	323.546
3424	323.548
3425	323.549
3426	323.549
3427	323.548
3428	323.547
3429	323.544
3430	323.541
3431	323.536
3432	323.531
3433	323.526
3434	323.519
3435	323.512
3436	323.503
3437	323.495
3438	323.485
3439	323.475
3440	323.465
3441	323.453
3442	323.442
3443	323.43
3444	323.417
3445	323.405
3446	323.392
3447	323.378
3448	323.364
3449	323.35
3450	323.336
3451	323.322
3452	323.308
3453	323.295
3454	323.283
3455	323.274
3456	323.162
3457	323.171
3458	323.184
3459	323.199
3460	323.214
3461	323.229
3462	323.245
3463	323.26
3464	323.275
3465	323.29
3466	323.304
3467	323.318
3468	323.332
3469	323.346
3470	323.359
3471	323.372
3472	323.385
3473	323.397
3474	323.408
3475	323.419
3476	323.43
3477	323.44
3478	323.449
3479	323.457
3480	323.465
3481	323.473
3482	323.479
3483	323.485
3484	323.49
3485	323.494
3486	323.498
3487	323.5
3488	323.502
3489	323.503
3490	323.503
3491	323.502
3492	323.501
3493	323.498
3494	323.495
3495	323.491
3496	323.487
3497	323.481
3498	323.475
3499	323.468
3500	323.461
3501	323.453
3502	323.444
3503	323.435
3504	323.425
3505	323.415
3506	323.404
3507	323.393
3508	323.381
3509	323.37
3510	323.357
3511	323.345
3512	323.333
3513	323.32
3514	323.307
3515	323.294
3516	323.282
3517	323.27
3518	323.259
3519	323.251
3520	323.141
3521	323.15
3522	323.161
3523	323.175
3524	323.189
3525	323.203
3526	323.217
3527	323.231
3528	323.244
3529	323.258
3530	323.272
3531	323.285
3532	323.298
3533	323.311
3534	323.323
3535	323.335
3536	323.347
3537	323.358
3538	323.369
3539	323.379
3540	323.389
3541	323.398
3542	323.407
3543	323.415
3544	323.422
3545	323.429
3546	323.435
3547	323.441
3548	323.445
3549	323.449
3550	323.452
3551	323.455
3552	323.456
3553	323.457
3554	323.457
3555	323.457
3556	323.455
3557	323.453
3558	323.45
3559	323.447
3560	323.442
3561	323.437
3562	323.432
3563	323.425
3564	323.418
3565	323.411
3566	323.403
3567	323.394
3568	323.385
3569	323.376
3570	323.366
3571	323.356
3572	323.345
3573	323.334
3574	323.323
3575	323.312
3576	323.301
3577	323.289
3578	323.278
3579	323.266
3580	323.255
3581	323.244
3582	323.234
3583	323.227
3584	323.12
3585	323.127
3586	323.138
3587	323.15
3588	323.163
3589	323.175
3590	323.188
3591	323.201
3592	323.214
3593	323.227
3594	323.239
3595	323.251
3596	323.263
3597	323.275
3598	323.287
3599	323.298
3600	323.309
3601	323.319
3602	323.329
3603	323.339
3604	323.348
3605	323.357
3606	323.365
3607	323.372
3608	323.379
3609	323.386
3610	323.391
3611	323.396
3612	323.401
3613	323.405
3614	323.408
3615	323.41
3616	323.411
3617	323.412
3618	323.412
3619	323.412
3620	323.411
3621	323.409
3622	323.406
3623	323.402
3624	323.398
3625	323.394
3626	323.389
3627	323.383
3628	323.376
3629	323.369
3630	323.362
3631	323.354
3632	323.346
3633	323.337
3634	323.328
3635	323.318
3636	323.309
3637	323.299
3638	323.289
3639	323.278
3640	323.268
3641	323.258
3642	323.247
3643	323.237
3644	323.227
3645	323.218
3646	323.209
3647	323.203
3648	323.097
3649	323.104
3650	323.114
3651	323.125
3652	323.136
3653	323.148
3654	323.159
3655	323.171
3656	323.183
3657	323.195
3658	323.206
3659	323.218
3660	323.229
3661	323.24
3662	323.25
3663	323.261
3664	323.271
3665	323.281
3666	323.29
3667	323.299
3668	323.308
3669	323.316
3670	323.323
3671	323.33
3672	323.337
3673	323.343
3674	323.348
3675	323.353
3676	323.357
3677	323.36
3678	323.363
3679	323.365
3680	323.367
3681	323.367
3682	323.368
3683	323.367
3684	323.366
3685	323.364
3686	323.362
3687	323.359
3688	323.355
3689	323.35
3690	323.346
3691	323.34
3692	323.334
3693	323.328
3694	323.321
3695	323.314
3696	323.306
3697	323.298
3698	323.289
3699	323.281
3700	323.272
3701	323.263
3702	323.254
3703	323.245
3704	323.235
3705	323.226
3706	323.217
3707	323.208
3708	323.199
3709	323.191
3710	323.184
3711	323.179
3712	323.075
3713	323.081
3714	323.089
3715	323.099
3716	323.109
3717	323.119
3718	323.13
3719	323.141
3720	323.152
3721	323.162
3722	323.173
3723	323.184
3724	323.194
3725	323.204
3726	323.214
3727	323.224
3728	323.233
3729	323.242
3730	323.251
3731	323.259
3732	323.267
3733	323.275
3734	323.282
3735	323.288
3736	323.294
3737	323.3
3738	323.305
3739	323.309
3740	323.313
3741	323.316
3742	323.319
3743	323.321
3744	323.322
3745	323.323
3746	323.323
3747	323.323
3748	323.322
3749	323.32
3750	323.318
3751	323.315
3752	323.311
3753	323.307
3754	323.303
3755	323.298
3756	323.292
3757	323.287
3758	323.28
3759	323.273
3760	323.266
3761	323.259
3762	323.251
3763	323.243
3764	323.235
3765	323.227
3766	323.219
3767	323.21
3768	323.202
3769	323.194
3770	323.186
3771	323.178
3772	323.17
3773	323.163
3774	323.157
3775	323.153
3776	323.051
3777	323.056
3778	323.064
3779	323.072
3780	323.081
3781	323.091
3782	323.101
3783	323.11
3784	323.12
3785	323.13
3786	323.14
3787	323.15
3788	323.159
3789	323.169
3790	323.178
3791	323.187
3792	323.196
3793	323.204
3794	323.212
3795	323.22
3796	323.227
3797	323.234
3798	323.241
3799	323.247
3800	323.253
3801	323.258
3802	323.262
3803	323.266
3804	323.27
3805	323.273
3806	323.275
3807	323.277
3808	323.279
3809	323.279
3810	323.279
3811	323.279
3812	323.278
3813	323.277
3814	323.274
3815	323.272
3816	323.269
3817	323.265
3818	323.261
3819	323.256
3820	323.251
3821	323.246
3822	323.24
3823	323.233
3824	323.227
3825	323.22
3826	323.213
3827	323.206
3828	323.198
3829	323.191
3830	323.183
3831	323.176
3832	323.168
3833	323.161
3834	323.154
3835	323.147
3836	323.141
3837	323.135
3838	323.13
3839	323.127
3840	323.028
3841	323.032
3842	323.038
3843	323.046
3844	323.054
3845	323.062
3846	323.071
3847	323.08
3848	323.089
3849	323.098
3850	323.107
3851	323.116
3852	323.125
3853	323.134
3854	323.142
3855	323.151
3856	323.159
3857	323.167
3858	323.174
3859	323.181
3860	323.188
3861	323.195
3862	323.201
3863	323.207
3864	323.212
3865	323.217
3866	323.221
3867	323.225
3868	323.228
3869	323.231
3870	323.233
3871	323.235
3872	323.236
3873	323.237
3874	323.237
3875	323.236
3876	323.235
3877	323.234
3878	323.232
3879	323.23
3880	323.227
3881	323.223
3882	323.219
3883	323.215
3884	323.211
3885	323.205
3886	323.2
3887	323.194
3888	323.188
3889	323.182
3890	323.176
3891	323.169
3892	323.162
3893	323.155
3894	323.148
3895	323.142
3896	323.135
3897	323.128
3898	323.122
3899	323.116
3900	323.111
3901	323.106
3902	323.103
3903	323.1
3904	323.004
3905	323.008
3906	323.013
3907	323.02
3908	323.027
3909	323.034
3910	323.042
3911	323.051
3912	323.059
3913	323.067
3914	323.076
3915	323.084
3916	323.092
3917	323.1
3918	323.108
3919	323.116
3920	323.124
3921	323.131
3922	323.138
3923	323.145
3924	323.151
3925	323.157
3926	323.163
3927	323.168
3928	323.173
3929	323.177
3930	323.181
3931	323.185
3932	323.188
3933	323.191
3934	323.193
3935	323.194
3936	323.196
3937	323.196
3938	323.196
3939	323.196
3940	323.195
3941	323.194
3942	323.192
3943	323.19
3944	323.187
3945	323.184
3946	323.18
3947	323.176
3948	323.172
3949	323.167
3950	323.162
3951	323.157
3952	323.151
3953	323.146
3954	323.14
3955	323.133
3956	323.127
3957	323.121
3958	323.115
3959	323.109
3960	323.103
3961	323.097
3962	323.091
3963	323.086
3964	323.082
3965	323.078
3966	323.076
3967	323.074
3968	322.983
3969	322.986
3970	322.99
3971	322.996
3972	323.002
3973	323.009
3974	323.017
3975	323.024
3976	323.032
3977	323.04
3978	323.047
3979	323.055
3980	323.063
3981	323.07
3982	323.078
3983	323.085
3984	323.092
3985	323.099
3986	323.106
3987	323.112
3988	323.118
3989	323.124
3990	323.129
3991	323.134
3992	323.139
3993	323.143
3994	323.147
3995	323.15
3996	323.153
3997	323.155
3998	323.157
3999	323.159
4000	323.16
4001	323.161
4002	323.161
4003	323.16
4004	323.16
4005	323.158
4006	323.157
4007	323.155
4008	323.152
4009	323.149
4010	323.146
4011	323.142
4012	323.138
4013	323.134
4014	323.129
4015	323.124
4016	323.119
4017	323.113
4018	323.108
4019	323.102
4020	323.096
4021	323.091
4022	323.085
4023	323.079
4024	323.074
4025	323.068
4026	323.064
4027	323.059
4028	323.055
4029	323.052
4030	323.051
4031	323.05
4032	322.967
4033	322.97
4034	322.974
4035	322.979
4036	322.985
4037	322.992
4038	322.999
4039	323.006
4040	323.013
4041	323.02
4042	323.028
4043	323.035
4044	323.043
4045	323.05
4046	323.057
4047	323.064
4048	323.071
4049	323.077
4050	323.084
4051	323.09
4052	323.095
4053	323.101
4054	323.106
4055	323.111
4056	323.115
4057	323.119
4058	323.123
4059	323.126
4060	323.129
4061	323.131
4062	323.133
4063	323.134
4064	323.135
4065	323.136
4066	323.136
4067	323.136
4068	323.135
4069	323.134
4070	323.132
4071	323.13
4072	323.128
4073	323.125
4074	323.122
4075	323.118
4076	323.114
4077	323.11
4078	323.106
4079	323.101
4080	323.096
4081	323.091
4082	323.086
4083	323.08
4084	323.075
4085	323.069
4086	323.064
4087	323.058
4088	323.053
4089	323.048
4090	323.044
4091	323.04
4092	323.037
4093	323.034
4094	323.033
4095	323.032
