******starting******

******command: j count=32, rSize=32 
0    370381    33
1    292716    33
2    696351    33
3    70031    33
4    504746    33
5    667923    33
6    267276    33
7    529354    33
8    554539    33
9    986661    33
10    214069    33
11    671668    33
12    471980    33
13    496819    33
14    610020    33
15    684103    33
16    599652    33
17    429621    33
18    38790    33
19    126047    33
20    963195    33
21    670964    33
22    556760    33
23    209785    33
24    529925    33
25    783307    33
26    873502    33
27    677533    33
28    939199    33
29    862979    33
30    253775    33
31    773912    33
 

 ******command: k count=32 
0    196766
1    747070
2    636163
3    808466
4    843307
5    62574
6    470307
7    815085
8    88903
9    618758
10    775190
11    804895
12    415361
13    642286
14    912096
15    108723
16    148360
17    358980
18    579590
19    318894
20    500390
21    416866
22    530522
23    323525
24    578140
25    652938
26    495410
27    929904
28    864097
29    707059
30    840051
31    588666
 
