******starting******

******command: j count=128, rSize=128 
0    370381    129
1    292716    129
2    696351    129
3    70031    129
4    504746    129
5    667923    129
6    267276    129
7    529354    129
8    554539    129
9    986661    129
10    214069    129
11    671668    129
12    471980    129
13    496819    129
14    610020    129
15    684103    129
16    599652    129
17    429621    129
18    38790    129
19    126047    129
20    963195    129
21    670964    129
22    556760    129
23    209785    129
24    529925    129
25    783307    129
26    873502    129
27    677533    129
28    939199    129
29    862979    129
30    253775    129
31    773912    129
32    196766    129
33    747070    129
34    636163    129
35    808466    129
36    843307    129
37    62574    129
38    470307    129
39    815085    129
40    88903    129
41    618758    129
42    775190    129
43    804895    129
44    415361    129
45    642286    129
46    912096    129
47    108723    129
48    148360    129
49    358980    129
50    579590    129
51    318894    129
52    500390    129
53    416866    129
54    530522    129
55    323525    129
56    578140    129
57    652938    129
58    495410    129
59    929904    129
60    864097    129
61    707059    129
62    840051    129
63    588666    129
64    660153    129
65    973232    129
66    431477    129
67    706073    129
68    5421    129
69    401921    129
70    226893    129
71    54652    129
72    562409    129
73    641198    129
74    79276    129
75    771454    129
76    967635    129
77    22112    129
78    263996    129
79    455637    129
80    155972    129
81    890693    129
82    221118    129
83    861000    129
84    150903    129
85    780755    129
86    20196    129
87    673688    129
88    825081    129
89    930899    129
90    41724    129
91    891669    129
92    126801    129
93    646714    129
94    376682    129
95    297204    129
96    279709    129
97    6684    129
98    446159    129
99    518394    129
100    447450    129
101    408395    129
102    337605    129
103    188108    129
104    368614    129
105    463852    129
106    365555    129
107    698348    129
108    460530    129
109    733607    129
110    342148    129
111    42704    129
112    892388    129
113    809508    129
114    74554    129
115    256201    129
116    122808    129
117    235302    129
118    577088    129
119    951549    129
120    414063    129
121    775836    129
122    501921    129
123    442031    129
124    808797    129
125    529498    129
126    290827    129
127    966167    129
 

 ******command: k count=128 
0    75094
1    381927
2    542609
3    498042
4    125760
5    303941
6    103991
7    658435
8    402056
9    996101
10    371305
11    216487
12    726755
13    374567
14    322488
15    684855
16    126533
17    400173
18    754496
19    508329
20    122223
21    752696
22    251525
23    348378
24    990842
25    848840
26    363521
27    959698
28    492060
29    703449
30    506713
31    160726
32    564986
33    134443
34    84692
35    398608
36    498177
37    811964
38    325158
39    405684
40    57755
41    649768
42    335758
43    453850
44    98038
45    43277
46    880465
47    699460
48    128308
49    448412
50    374564
51    121218
52    356733
53    806590
54    595298
55    556426
56    699219
57    310027
58    615025
59    323873
60    258564
61    15635
62    451011
63    948988
64    770509
65    799714
66    935784
67    474657
68    521066
69    154409
70    303143
71    871861
72    230249
73    333747
74    996193
75    39392
76    406110
77    336560
78    192507
79    902427
80    667126
81    239461
82    547403
83    99191
84    532946
85    368682
86    658247
87    766477
88    184463
89    819023
90    744441
91    913266
92    691258
93    814096
94    49416
95    896125
96    210831
97    412241
98    458774
99    480268
100    652255
101    54682
102    838516
103    998481
104    313583
105    458397
106    591839
107    102070
108    983189
109    352211
110    934062
111    610638
112    12401
113    558069
114    386632
115    946081
116    857959
117    912135
118    991675
119    669803
120    589887
121    536917
122    740270
123    606589
124    870654
125    946387
126    727618
127    69265
 
