******starting******

******command: j count=1024, rSize=1024 
0    370381    1025
1    292716    1025
2    696351    1025
3    70031    1025
4    504746    1025
5    667923    1025
6    267276    1025
7    529354    1025
8    554539    1025
9    986661    1025
10    214069    1025
11    671668    1025
12    471980    1025
13    496819    1025
14    610020    1025
15    684103    1025
16    599652    1025
17    429621    1025
18    38790    1025
19    126047    1025
20    963195    1025
21    670964    1025
22    556760    1025
23    209785    1025
24    529925    1025
25    783307    1025
26    873502    1025
27    677533    1025
28    939199    1025
29    862979    1025
30    253775    1025
31    773912    1025
32    196766    1025
33    747070    1025
34    636163    1025
35    808466    1025
36    843307    1025
37    62574    1025
38    470307    1025
39    815085    1025
40    88903    1025
41    618758    1025
42    775190    1025
43    804895    1025
44    415361    1025
45    642286    1025
46    912096    1025
47    108723    1025
48    148360    1025
49    358980    1025
50    579590    1025
51    318894    1025
52    500390    1025
53    416866    1025
54    530522    1025
55    323525    1025
56    578140    1025
57    652938    1025
58    495410    1025
59    929904    1025
60    864097    1025
61    707059    1025
62    840051    1025
63    588666    1025
64    660153    1025
65    973232    1025
66    431477    1025
67    706073    1025
68    5421    1025
69    401921    1025
70    226893    1025
71    54652    1025
72    562409    1025
73    641198    1025
74    79276    1025
75    771454    1025
76    967635    1025
77    22112    1025
78    263996    1025
79    455637    1025
80    155972    1025
81    890693    1025
82    221118    1025
83    861000    1025
84    150903    1025
85    780755    1025
86    20196    1025
87    673688    1025
88    825081    1025
89    930899    1025
90    41724    1025
91    891669    1025
92    126801    1025
93    646714    1025
94    376682    1025
95    297204    1025
96    279709    1025
97    6684    1025
98    446159    1025
99    518394    1025
100    447450    1025
101    408395    1025
102    337605    1025
103    188108    1025
104    368614    1025
105    463852    1025
106    365555    1025
107    698348    1025
108    460530    1025
109    733607    1025
110    342148    1025
111    42704    1025
112    892388    1025
113    809508    1025
114    74554    1025
115    256201    1025
116    122808    1025
117    235302    1025
118    577088    1025
119    951549    1025
120    414063    1025
121    775836    1025
122    501921    1025
123    442031    1025
124    808797    1025
125    529498    1025
126    290827    1025
127    966167    1025
128    75094    1025
129    381927    1025
130    542609    1025
131    498042    1025
132    125760    1025
133    303941    1025
134    103991    1025
135    658435    1025
136    402056    1025
137    996101    1025
138    371305    1025
139    216487    1025
140    726755    1025
141    374567    1025
142    322488    1025
143    684855    1025
144    126533    1025
145    400173    1025
146    754496    1025
147    508329    1025
148    122223    1025
149    752696    1025
150    251525    1025
151    348378    1025
152    990842    1025
153    848840    1025
154    363521    1025
155    959698    1025
156    492060    1025
157    703449    1025
158    506713    1025
159    160726    1025
160    564986    1025
161    134443    1025
162    84692    1025
163    398608    1025
164    498177    1025
165    811964    1025
166    325158    1025
167    405684    1025
168    57755    1025
169    649768    1025
170    335758    1025
171    453850    1025
172    98038    1025
173    43277    1025
174    880465    1025
175    699460    1025
176    128308    1025
177    448412    1025
178    374564    1025
179    121218    1025
180    356733    1025
181    806590    1025
182    595298    1025
183    556426    1025
184    699219    1025
185    310027    1025
186    615025    1025
187    323873    1025
188    258564    1025
189    15635    1025
190    451011    1025
191    948988    1025
192    770509    1025
193    799714    1025
194    935784    1025
195    474657    1025
196    521066    1025
197    154409    1025
198    303143    1025
199    871861    1025
200    230249    1025
201    333747    1025
202    996193    1025
203    39392    1025
204    406110    1025
205    336560    1025
206    192507    1025
207    902427    1025
208    667126    1025
209    239461    1025
210    547403    1025
211    99191    1025
212    532946    1025
213    368682    1025
214    658247    1025
215    766477    1025
216    184463    1025
217    819023    1025
218    744441    1025
219    913266    1025
220    691258    1025
221    814096    1025
222    49416    1025
223    896125    1025
224    210831    1025
225    412241    1025
226    458774    1025
227    480268    1025
228    652255    1025
229    54682    1025
230    838516    1025
231    998481    1025
232    313583    1025
233    458397    1025
234    591839    1025
235    102070    1025
236    983189    1025
237    352211    1025
238    934062    1025
239    610638    1025
240    12401    1025
241    558069    1025
242    386632    1025
243    946081    1025
244    857959    1025
245    912135    1025
246    991675    1025
247    669803    1025
248    589887    1025
249    536917    1025
250    740270    1025
251    606589    1025
252    870654    1025
253    946387    1025
254    727618    1025
255    69265    1025
256    904143    1025
257    507995    1025
258    517527    1025
259    669030    1025
260    848597    1025
261    735215    1025
262    232337    1025
263    226087    1025
264    202782    1025
265    934076    1025
266    860463    1025
267    270839    1025
268    661492    1025
269    687541    1025
270    280580    1025
271    640001    1025
272    934521    1025
273    688985    1025
274    504897    1025
275    665234    1025
276    39354    1025
277    410112    1025
278    645910    1025
279    457678    1025
280    560761    1025
281    122848    1025
282    91010    1025
283    783043    1025
284    380188    1025
285    760548    1025
286    411313    1025
287    34560    1025
288    371569    1025
289    121479    1025
290    474442    1025
291    794532    1025
292    565966    1025
293    917952    1025
294    284690    1025
295    497172    1025
296    291891    1025
297    170165    1025
298    40321    1025
299    674655    1025
300    772751    1025
301    441811    1025
302    907999    1025
303    307398    1025
304    701435    1025
305    418419    1025
306    16795    1025
307    760971    1025
308    282765    1025
309    333825    1025
310    171768    1025
311    821862    1025
312    241862    1025
313    737417    1025
314    784671    1025
315    320850    1025
316    301347    1025
317    103156    1025
318    526683    1025
319    857669    1025
320    631301    1025
321    787686    1025
322    193385    1025
323    111341    1025
324    763169    1025
325    826299    1025
326    297123    1025
327    252763    1025
328    475934    1025
329    78489    1025
330    869665    1025
331    941986    1025
332    148694    1025
333    210866    1025
334    992255    1025
335    428246    1025
336    84021    1025
337    30634    1025
338    533993    1025
339    237615    1025
340    297239    1025
341    657414    1025
342    620552    1025
343    953629    1025
344    276992    1025
345    40741    1025
346    309751    1025
347    600186    1025
348    216106    1025
349    323229    1025
350    998932    1025
351    106210    1025
352    203484    1025
353    542095    1025
354    37733    1025
355    373046    1025
356    895590    1025
357    182688    1025
358    69717    1025
359    434377    1025
360    148470    1025
361    67452    1025
362    587728    1025
363    202275    1025
364    122517    1025
365    92991    1025
366    209286    1025
367    320407    1025
368    351203    1025
369    311353    1025
370    171089    1025
371    598512    1025
372    287920    1025
373    852577    1025
374    542101    1025
375    545226    1025
376    811909    1025
377    193421    1025
378    654750    1025
379    499277    1025
380    206437    1025
381    267345    1025
382    254243    1025
383    845845    1025
384    107775    1025
385    920188    1025
386    870372    1025
387    834215    1025
388    921548    1025
389    210039    1025
390    903535    1025
391    482556    1025
392    205987    1025
393    47901    1025
394    930812    1025
395    84479    1025
396    524485    1025
397    686473    1025
398    734055    1025
399    799786    1025
400    272883    1025
401    545812    1025
402    540239    1025
403    847494    1025
404    963369    1025
405    892967    1025
406    988208    1025
407    786952    1025
408    489439    1025
409    855083    1025
410    306701    1025
411    396834    1025
412    854316    1025
413    283544    1025
414    217820    1025
415    643213    1025
416    863831    1025
417    956957    1025
418    55169    1025
419    247458    1025
420    297408    1025
421    631270    1025
422    599146    1025
423    340280    1025
424    40578    1025
425    430682    1025
426    139610    1025
427    717065    1025
428    688768    1025
429    87643    1025
430    243475    1025
431    182291    1025
432    117985    1025
433    518272    1025
434    755552    1025
435    488397    1025
436    529217    1025
437    249793    1025
438    509199    1025
439    370566    1025
440    455824    1025
441    185841    1025
442    255080    1025
443    171566    1025
444    241715    1025
445    219379    1025
446    316334    1025
447    564952    1025
448    490821    1025
449    187393    1025
450    454524    1025
451    867344    1025
452    980507    1025
453    667836    1025
454    458100    1025
455    448090    1025
456    549220    1025
457    125178    1025
458    949938    1025
459    729477    1025
460    445632    1025
461    895276    1025
462    912506    1025
463    284315    1025
464    656411    1025
465    514944    1025
466    430647    1025
467    525541    1025
468    693537    1025
469    896708    1025
470    155403    1025
471    486853    1025
472    354379    1025
473    846299    1025
474    987897    1025
475    202677    1025
476    951099    1025
477    422893    1025
478    474990    1025
479    177215    1025
480    508402    1025
481    646001    1025
482    432301    1025
483    447950    1025
484    428187    1025
485    43146    1025
486    280478    1025
487    747015    1025
488    124494    1025
489    541259    1025
490    602002    1025
491    249695    1025
492    127784    1025
493    206192    1025
494    417088    1025
495    423230    1025
496    158062    1025
497    320579    1025
498    677682    1025
499    462761    1025
500    662936    1025
501    306387    1025
502    478610    1025
503    829040    1025
504    329885    1025
505    996569    1025
506    493651    1025
507    369852    1025
508    64440    1025
509    742126    1025
510    119969    1025
511    546149    1025
512    936232    1025
513    869238    1025
514    851877    1025
515    242864    1025
516    596324    1025
517    979630    1025
518    366852    1025
519    678572    1025
520    661425    1025
521    590260    1025
522    833081    1025
523    907651    1025
524    567441    1025
525    619166    1025
526    933156    1025
527    413966    1025
528    391863    1025
529    219922    1025
530    110277    1025
531    303891    1025
532    144511    1025
533    451017    1025
534    529637    1025
535    585956    1025
536    27119    1025
537    296279    1025
538    259863    1025
539    50339    1025
540    163223    1025
541    523167    1025
542    176477    1025
543    238396    1025
544    293479    1025
545    891608    1025
546    76628    1025
547    6167    1025
548    942745    1025
549    200697    1025
550    518771    1025
551    184765    1025
552    555036    1025
553    681074    1025
554    881918    1025
555    831324    1025
556    96333    1025
557    231019    1025
558    136649    1025
559    573896    1025
560    627715    1025
561    998700    1025
562    842053    1025
563    552763    1025
564    345357    1025
565    803761    1025
566    857835    1025
567    451317    1025
568    590862    1025
569    905543    1025
570    275521    1025
571    124803    1025
572    330401    1025
573    615035    1025
574    70696    1025
575    320594    1025
576    599800    1025
577    248103    1025
578    968956    1025
579    991446    1025
580    424791    1025
581    928288    1025
582    36807    1025
583    706624    1025
584    699372    1025
585    724548    1025
586    486767    1025
587    650647    1025
588    546679    1025
589    639546    1025
590    203506    1025
591    719900    1025
592    635030    1025
593    942149    1025
594    486142    1025
595    213701    1025
596    972573    1025
597    336807    1025
598    514995    1025
599    615418    1025
600    665403    1025
601    484963    1025
602    29124    1025
603    970979    1025
604    146969    1025
605    364306    1025
606    728319    1025
607    358405    1025
608    375341    1025
609    974203    1025
610    892724    1025
611    953268    1025
612    498826    1025
613    885324    1025
614    721041    1025
615    185664    1025
616    489458    1025
617    130064    1025
618    885393    1025
619    493598    1025
620    250208    1025
621    942547    1025
622    808197    1025
623    167399    1025
624    683223    1025
625    834527    1025
626    156165    1025
627    789561    1025
628    232763    1025
629    523318    1025
630    51935    1025
631    769533    1025
632    394546    1025
633    195141    1025
634    508193    1025
635    468556    1025
636    695392    1025
637    619998    1025
638    575041    1025
639    419446    1025
640    638783    1025
641    605389    1025
642    711797    1025
643    145223    1025
644    121701    1025
645    294235    1025
646    873510    1025
647    63404    1025
648    819341    1025
649    808957    1025
650    816541    1025
651    989623    1025
652    39140    1025
653    737330    1025
654    128127    1025
655    733274    1025
656    541705    1025
657    962048    1025
658    464767    1025
659    285642    1025
660    833025    1025
661    334993    1025
662    519467    1025
663    106398    1025
664    423558    1025
665    695704    1025
666    200739    1025
667    995268    1025
668    557642    1025
669    728688    1025
670    537041    1025
671    68889    1025
672    910270    1025
673    175678    1025
674    788088    1025
675    320900    1025
676    751735    1025
677    877453    1025
678    293321    1025
679    280871    1025
680    84044    1025
681    170609    1025
682    518953    1025
683    267188    1025
684    245690    1025
685    122180    1025
686    838256    1025
687    732944    1025
688    480867    1025
689    109461    1025
690    525568    1025
691    204802    1025
692    981431    1025
693    245973    1025
694    467432    1025
695    315335    1025
696    897219    1025
697    146278    1025
698    96237    1025
699    431292    1025
700    816670    1025
701    538905    1025
702    39526    1025
703    374350    1025
704    208972    1025
705    221524    1025
706    986437    1025
707    734379    1025
708    344312    1025
709    858874    1025
710    282999    1025
711    279583    1025
712    178101    1025
713    125866    1025
714    729907    1025
715    955738    1025
716    702079    1025
717    693920    1025
718    114521    1025
719    984758    1025
720    268657    1025
721    562002    1025
722    951700    1025
723    551361    1025
724    383613    1025
725    227955    1025
726    948111    1025
727    589079    1025
728    459818    1025
729    207953    1025
730    682698    1025
731    154362    1025
732    52986    1025
733    397226    1025
734    8190    1025
735    901005    1025
736    54546    1025
737    776457    1025
738    669245    1025
739    139735    1025
740    357751    1025
741    959465    1025
742    641650    1025
743    1056    1025
744    495560    1025
745    83622    1025
746    688146    1025
747    184229    1025
748    739547    1025
749    550834    1025
750    632372    1025
751    803645    1025
752    176441    1025
753    104906    1025
754    856784    1025
755    829156    1025
756    246667    1025
757    753127    1025
758    511342    1025
759    618904    1025
760    255648    1025
761    39869    1025
762    948133    1025
763    44657    1025
764    349539    1025
765    152181    1025
766    869213    1025
767    715978    1025
768    466160    1025
769    377909    1025
770    699890    1025
771    791047    1025
772    748903    1025
773    402632    1025
774    671799    1025
775    886807    1025
776    930467    1025
777    955212    1025
778    131923    1025
779    580639    1025
780    190802    1025
781    290719    1025
782    568724    1025
783    6487    1025
784    972654    1025
785    22434    1025
786    853953    1025
787    42017    1025
788    279153    1025
789    795142    1025
790    207941    1025
791    596083    1025
792    929488    1025
793    303114    1025
794    380062    1025
795    480887    1025
796    288305    1025
797    151325    1025
798    548779    1025
799    385911    1025
800    963960    1025
801    58921    1025
802    441745    1025
803    441905    1025
804    973643    1025
805    911296    1025
806    173040    1025
807    878353    1025
808    878823    1025
809    150507    1025
810    299494    1025
811    274902    1025
812    387084    1025
813    10397    1025
814    598049    1025
815    909193    1025
816    927199    1025
817    100799    1025
818    55851    1025
819    694269    1025
820    686704    1025
821    826185    1025
822    589211    1025
823    211888    1025
824    625139    1025
825    157315    1025
826    967473    1025
827    340788    1025
828    950769    1025
829    241231    1025
830    472091    1025
831    976465    1025
832    567115    1025
833    355948    1025
834    758189    1025
835    346387    1025
836    990290    1025
837    708375    1025
838    446434    1025
839    416724    1025
840    234186    1025
841    579376    1025
842    929603    1025
843    895972    1025
844    161588    1025
845    308641    1025
846    896284    1025
847    329133    1025
848    809001    1025
849    624749    1025
850    77075    1025
851    789256    1025
852    176415    1025
853    818932    1025
854    704993    1025
855    658080    1025
856    988359    1025
857    263564    1025
858    199354    1025
859    4047    1025
860    919880    1025
861    771408    1025
862    565333    1025
863    54279    1025
864    795282    1025
865    303495    1025
866    12110    1025
867    258082    1025
868    255693    1025
869    515325    1025
870    292551    1025
871    442946    1025
872    391091    1025
873    652178    1025
874    260014    1025
875    571343    1025
876    845556    1025
877    282274    1025
878    139856    1025
879    582213    1025
880    887959    1025
881    379519    1025
882    29782    1025
883    831300    1025
884    956358    1025
885    246547    1025
886    106589    1025
887    625444    1025
888    162949    1025
889    780508    1025
890    62737    1025
891    349376    1025
892    276638    1025
893    587944    1025
894    253220    1025
895    686480    1025
896    667630    1025
897    436554    1025
898    66885    1025
899    431068    1025
900    726218    1025
901    556042    1025
902    12940    1025
903    399514    1025
904    244560    1025
905    278783    1025
906    28494    1025
907    931920    1025
908    270719    1025
909    529091    1025
910    504702    1025
911    484829    1025
912    934465    1025
913    650835    1025
914    527591    1025
915    823260    1025
916    732166    1025
917    80729    1025
918    845303    1025
919    305741    1025
920    793687    1025
921    369240    1025
922    46611    1025
923    755977    1025
924    603992    1025
925    39369    1025
926    462423    1025
927    438243    1025
928    704793    1025
929    791095    1025
930    285890    1025
931    619424    1025
932    859692    1025
933    551980    1025
934    407684    1025
935    227456    1025
936    188154    1025
937    870037    1025
938    474763    1025
939    104709    1025
940    769781    1025
941    146890    1025
942    665784    1025
943    352886    1025
944    216466    1025
945    222469    1025
946    683636    1025
947    270921    1025
948    712398    1025
949    794641    1025
950    471463    1025
951    390732    1025
952    24868    1025
953    190362    1025
954    139473    1025
955    102559    1025
956    982939    1025
957    972747    1025
958    619612    1025
959    377182    1025
960    924962    1025
961    901619    1025
962    532502    1025
963    76250    1025
964    612480    1025
965    727523    1025
966    777354    1025
967    367314    1025
968    117383    1025
969    335322    1025
970    335610    1025
971    720129    1025
972    174963    1025
973    732979    1025
974    799039    1025
975    3269    1025
976    504841    1025
977    380632    1025
978    112025    1025
979    177140    1025
980    602199    1025
981    360958    1025
982    35396    1025
983    71690    1025
984    500779    1025
985    902523    1025
986    828357    1025
987    768812    1025
988    996920    1025
989    736609    1025
990    648528    1025
991    68472    1025
992    848283    1025
993    804097    1025
994    170097    1025
995    557089    1025
996    441922    1025
997    803638    1025
998    923498    1025
999    762067    1025
1000    426782    1025
1001    84998    1025
1002    850267    1025
1003    906160    1025
1004    817503    1025
1005    386135    1025
1006    580893    1025
1007    752860    1025
1008    68024    1025
1009    910563    1025
1010    924914    1025
1011    45264    1025
1012    610615    1025
1013    252844    1025
1014    88406    1025
1015    39886    1025
1016    367178    1025
1017    667304    1025
1018    103227    1025
1019    631982    1025
1020    726443    1025
1021    178019    1025
1022    976328    1025
1023    579729    1025
 

 ******command: k count=1024 
0    494414
1    32545
2    61564
3    314066
4    305357
5    3244
6    146200
7    851281
8    10399
9    29422
10    756988
11    291757
12    530111
13    702200
14    186307
15    417077
16    676407
17    96520
18    735925
19    880103
20    443281
21    441999
22    681309
23    486106
24    266890
25    144327
26    451606
27    72734
28    754457
29    644531
30    528706
31    476616
32    382524
33    622442
34    571256
35    102236
36    659149
37    50237
38    247007
39    577937
40    262767
41    578953
42    293539
43    5877
44    645003
45    780436
46    291219
47    313291
48    599401
49    724228
50    659166
51    185489
52    307292
53    401585
54    364920
55    102599
56    345672
57    493710
58    861015
59    968315
60    163427
61    983697
62    730868
63    825769
64    532269
65    109757
66    560596
67    175676
68    460639
69    165585
70    526003
71    382574
72    78912
73    643461
74    198663
75    678452
76    992934
77    218153
78    72054
79    256922
80    605933
81    79411
82    306305
83    964770
84    910231
85    104278
86    189567
87    80639
88    247325
89    375567
90    820441
91    698902
92    533861
93    543072
94    508995
95    193830
96    463306
97    528507
98    394426
99    286999
100    167168
101    73181
102    784248
103    206711
104    852879
105    632328
106    710126
107    436972
108    907097
109    112172
110    204263
111    565340
112    965902
113    945841
114    792426
115    721778
116    459195
117    22264
118    706552
119    111496
120    117117
121    950498
122    318383
123    142717
124    949686
125    171184
126    288781
127    646460
128    195293
129    414171
130    935147
131    691261
132    735098
133    995459
134    322312
135    491863
136    479203
137    457865
138    566671
139    910883
140    219223
141    60778
142    863294
143    54452
144    449698
145    610220
146    729200
147    461325
148    660793
149    128708
150    966692
151    386933
152    598851
153    877643
154    843339
155    679450
156    991411
157    215100
158    996408
159    750786
160    247398
161    803207
162    547110
163    142050
164    622258
165    654361
166    941744
167    179548
168    352908
169    527501
170    6553
171    229139
172    261041
173    161770
174    725573
175    40652
176    324783
177    856806
178    231221
179    686754
180    722606
181    896285
182    519826
183    597246
184    837794
185    318092
186    382832
187    186834
188    741499
189    522860
190    57080
191    572959
192    638791
193    228654
194    92716
195    892957
196    785012
197    273782
198    942139
199    711283
200    368041
201    753548
202    768026
203    20697
204    864770
205    12942
206    966062
207    340336
208    363008
209    970349
210    910647
211    401901
212    350758
213    297670
214    417747
215    935172
216    477750
217    931960
218    425361
219    44560
220    781924
221    441041
222    396492
223    679618
224    890593
225    727457
226    934855
227    698547
228    680212
229    575177
230    124556
231    28097
232    919136
233    545387
234    89345
235    415000
236    363116
237    711119
238    261186
239    270386
240    832812
241    737062
242    881585
243    111087
244    753317
245    805050
246    210780
247    91496
248    663497
249    879361
250    959912
251    131826
252    195636
253    818662
254    441312
255    136426
256    20020
257    833143
258    937389
259    811921
260    266174
261    781466
262    790544
263    571505
264    900729
265    812890
266    708276
267    40029
268    586833
269    854095
270    786394
271    646222
272    503120
273    441691
274    757170
275    817658
276    636407
277    391589
278    949743
279    257490
280    39815
281    819432
282    473519
283    826368
284    563144
285    2787
286    115771
287    510998
288    549171
289    582170
290    464185
291    987647
292    998775
293    616057
294    741161
295    283026
296    707843
297    966412
298    863562
299    24250
300    869115
301    540646
302    217626
303    785213
304    644320
305    869474
306    650045
307    25447
308    207121
309    529474
310    185938
311    124916
312    750993
313    913753
314    955169
315    8362
316    967400
317    840480
318    847516
319    868508
320    495261
321    509531
322    377154
323    479313
324    835353
325    300404
326    275516
327    604175
328    234526
329    916315
330    293457
331    997597
332    41204
333    367592
334    730329
335    503266
336    26313
337    305159
338    174318
339    739266
340    173533
341    191867
342    969693
343    885046
344    441813
345    821949
346    893361
347    56032
348    990377
349    680273
350    560772
351    776082
352    378924
353    650215
354    40649
355    40997
356    232762
357    558892
358    195643
359    475982
360    875311
361    72468
362    237193
363    89023
364    435318
365    432242
366    930
367    116778
368    917049
369    533982
370    443123
371    461970
372    741274
373    850958
374    851336
375    228665
376    256563
377    703647
378    276106
379    848577
380    714049
381    369718
382    682213
383    299873
384    220306
385    538728
386    318047
387    925803
388    148342
389    612487
390    802116
391    339963
392    525222
393    345228
394    431071
395    927487
396    884163
397    333370
398    204877
399    442630
400    87404
401    841666
402    69592
403    198371
404    618905
405    479909
406    882170
407    348510
408    839536
409    219938
410    591413
411    764221
412    720389
413    255880
414    137530
415    6519
416    537599
417    211040
418    571749
419    889269
420    38943
421    184108
422    895504
423    138124
424    577818
425    144955
426    114810
427    640967
428    718493
429    167309
430    17621
431    797218
432    806792
433    12474
434    166858
435    451813
436    12057
437    550906
438    613011
439    934877
440    335511
441    530447
442    827781
443    682653
444    91374
445    187290
446    351930
447    962170
448    351435
449    202630
450    665617
451    184500
452    861420
453    497162
454    776379
455    311004
456    928610
457    381030
458    26177
459    858906
460    771503
461    532345
462    615588
463    995959
464    844626
465    332129
466    348052
467    226620
468    628802
469    36626
470    95161
471    180016
472    389755
473    295288
474    473711
475    982584
476    409463
477    511011
478    251593
479    733466
480    180498
481    547024
482    962542
483    564109
484    73598
485    274083
486    246290
487    800122
488    972135
489    464789
490    403426
491    710750
492    374922
493    526275
494    674226
495    356224
496    469830
497    585867
498    726796
499    26136
500    675261
501    409744
502    877975
503    774224
504    145583
505    674578
506    517209
507    543214
508    756144
509    75086
510    262703
511    387045
512    44441
513    781171
514    326877
515    284125
516    631355
517    737788
518    605807
519    47480
520    601949
521    305125
522    985788
523    824478
524    359992
525    746895
526    368986
527    693433
528    452794
529    58925
530    916711
531    854684
532    858530
533    643911
534    13241
535    909747
536    248261
537    328916
538    446777
539    742766
540    712902
541    226091
542    310951
543    488570
544    463413
545    939083
546    120532
547    97651
548    992520
549    609732
550    655014
551    994110
552    213076
553    312884
554    10053
555    329532
556    59908
557    291028
558    375804
559    325446
560    62932
561    536051
562    30440
563    216096
564    386680
565    210339
566    51777
567    277373
568    842081
569    417930
570    250913
571    460440
572    363664
573    813045
574    821056
575    104680
576    456581
577    556243
578    207374
579    257787
580    113942
581    113323
582    694971
583    81527
584    700540
585    398426
586    214964
587    854871
588    306399
589    756958
590    870619
591    68167
592    69167
593    301993
594    681605
595    114208
596    965833
597    82190
598    44397
599    69350
600    571334
601    601734
602    417139
603    74949
604    288939
605    183012
606    720175
607    802013
608    543115
609    668131
610    950778
611    519100
612    452964
613    971969
614    527226
615    250760
616    458387
617    971620
618    839751
619    528472
620    430708
621    242972
622    529856
623    237016
624    741401
625    143451
626    983337
627    52364
628    803571
629    732629
630    540941
631    977438
632    581288
633    41419
634    934442
635    465980
636    570702
637    183545
638    433026
639    646721
640    743647
641    809738
642    214122
643    136156
644    965461
645    407125
646    451374
647    944302
648    381154
649    942337
650    621206
651    980756
652    266028
653    345402
654    528476
655    649364
656    849047
657    344199
658    548770
659    35375
660    606015
661    133353
662    593201
663    190959
664    515744
665    396123
666    290345
667    11269
668    791902
669    162198
670    885302
671    205930
672    576371
673    16057
674    360293
675    861569
676    110236
677    142197
678    269450
679    101717
680    863372
681    720934
682    799047
683    339704
684    143115
685    163021
686    542418
687    621118
688    662006
689    689472
690    491035
691    567075
692    581236
693    758016
694    751504
695    403137
696    519971
697    826447
698    473832
699    590991
700    33538
701    967501
702    504161
703    545303
704    61431
705    822081
706    252669
707    949904
708    842679
709    399131
710    281050
711    166476
712    800069
713    217770
714    110551
715    234757
716    894672
717    292163
718    747130
719    969648
720    949692
721    464994
722    424243
723    650809
724    435356
725    578315
726    67154
727    804756
728    237771
729    992507
730    973405
731    583371
732    878561
733    946030
734    214809
735    230991
736    718485
737    263288
738    254624
739    155239
740    620128
741    901820
742    287721
743    78141
744    584801
745    842716
746    794462
747    793897
748    853408
749    831601
750    819038
751    9886
752    980541
753    456003
754    461036
755    790899
756    376446
757    67903
758    89990
759    87579
760    813923
761    53929
762    776584
763    867120
764    408454
765    945827
766    441962
767    330121
768    566702
769    875162
770    229539
771    731165
772    400901
773    871231
774    590037
775    279695
776    113080
777    506130
778    589035
779    646567
780    850563
781    379134
782    934081
783    559690
784    525918
785    947245
786    215036
787    991667
788    110627
789    198967
790    871805
791    442389
792    892230
793    672291
794    371870
795    820950
796    205194
797    315422
798    112780
799    409331
800    126227
801    692204
802    540786
803    431270
804    640872
805    31261
806    988566
807    711189
808    778952
809    618370
810    732035
811    921723
812    217869
813    31581
814    766730
815    934479
816    854261
817    723957
818    798888
819    755483
820    845481
821    443693
822    962436
823    561436
824    618936
825    6242
826    747759
827    324550
828    351242
829    900415
830    651978
831    533797
832    415740
833    249896
834    51257
835    510608
836    296895
837    604340
838    784370
839    814629
840    476954
841    89306
842    962694
843    248322
844    788030
845    387228
846    493901
847    951135
848    734982
849    70889
850    826698
851    87644
852    287130
853    775734
854    413677
855    635503
856    636867
857    715899
858    392263
859    756630
860    428572
861    50311
862    986228
863    271133
864    955388
865    582742
866    124325
867    721795
868    826798
869    312901
870    778020
871    532021
872    601620
873    328809
874    518778
875    755318
876    892778
877    543873
878    791041
879    925566
880    438959
881    774252
882    411602
883    491985
884    644133
885    666788
886    775855
887    356353
888    92267
889    963326
890    293880
891    995902
892    518670
893    612665
894    540733
895    687490
896    764827
897    227199
898    623859
899    319882
900    187431
901    379862
902    270575
903    303904
904    47484
905    247725
906    138053
907    71667
908    363841
909    97848
910    834579
911    674655
912    733651
913    117817
914    166243
915    971850
916    622122
917    89530
918    98808
919    914769
920    627474
921    406687
922    940621
923    420591
924    204485
925    934054
926    241676
927    348530
928    363225
929    217282
930    912256
931    57973
932    835160
933    527654
934    62606
935    71794
936    209571
937    255437
938    59750
939    325349
940    534415
941    148416
942    298986
943    514307
944    889939
945    888287
946    204241
947    31563
948    429658
949    517614
950    934818
951    2514
952    389220
953    206095
954    321472
955    911360
956    567018
957    862518
958    514263
959    320893
960    769754
961    88471
962    853382
963    190144
964    727813
965    978709
966    455176
967    277698
968    981927
969    262790
970    21148
971    146785
972    235254
973    292396
974    361664
975    261406
976    677232
977    369922
978    138729
979    674468
980    771885
981    923225
982    333722
983    811346
984    20820
985    23617
986    923957
987    845457
988    189217
989    746099
990    284675
991    172194
992    504556
993    876248
994    810126
995    470474
996    322242
997    456434
998    248852
999    862155
1000    758599
1001    680144
1002    261478
1003    663953
1004    799062
1005    627588
1006    696598
1007    232836
1008    364457
1009    347467
1010    83816
1011    405377
1012    857362
1013    778550
1014    846826
1015    32052
1016    666564
1017    17903
1018    736573
1019    102081
1020    152567
1021    432839
1022    978604
1023    967607
 
