******starting******

******command: j count=512, rSize=512 
0    370381    513
1    292716    513
2    696351    513
3    70031    513
4    504746    513
5    667923    513
6    267276    513
7    529354    513
8    554539    513
9    986661    513
10    214069    513
11    671668    513
12    471980    513
13    496819    513
14    610020    513
15    684103    513
16    599652    513
17    429621    513
18    38790    513
19    126047    513
20    963195    513
21    670964    513
22    556760    513
23    209785    513
24    529925    513
25    783307    513
26    873502    513
27    677533    513
28    939199    513
29    862979    513
30    253775    513
31    773912    513
32    196766    513
33    747070    513
34    636163    513
35    808466    513
36    843307    513
37    62574    513
38    470307    513
39    815085    513
40    88903    513
41    618758    513
42    775190    513
43    804895    513
44    415361    513
45    642286    513
46    912096    513
47    108723    513
48    148360    513
49    358980    513
50    579590    513
51    318894    513
52    500390    513
53    416866    513
54    530522    513
55    323525    513
56    578140    513
57    652938    513
58    495410    513
59    929904    513
60    864097    513
61    707059    513
62    840051    513
63    588666    513
64    660153    513
65    973232    513
66    431477    513
67    706073    513
68    5421    513
69    401921    513
70    226893    513
71    54652    513
72    562409    513
73    641198    513
74    79276    513
75    771454    513
76    967635    513
77    22112    513
78    263996    513
79    455637    513
80    155972    513
81    890693    513
82    221118    513
83    861000    513
84    150903    513
85    780755    513
86    20196    513
87    673688    513
88    825081    513
89    930899    513
90    41724    513
91    891669    513
92    126801    513
93    646714    513
94    376682    513
95    297204    513
96    279709    513
97    6684    513
98    446159    513
99    518394    513
100    447450    513
101    408395    513
102    337605    513
103    188108    513
104    368614    513
105    463852    513
106    365555    513
107    698348    513
108    460530    513
109    733607    513
110    342148    513
111    42704    513
112    892388    513
113    809508    513
114    74554    513
115    256201    513
116    122808    513
117    235302    513
118    577088    513
119    951549    513
120    414063    513
121    775836    513
122    501921    513
123    442031    513
124    808797    513
125    529498    513
126    290827    513
127    966167    513
128    75094    513
129    381927    513
130    542609    513
131    498042    513
132    125760    513
133    303941    513
134    103991    513
135    658435    513
136    402056    513
137    996101    513
138    371305    513
139    216487    513
140    726755    513
141    374567    513
142    322488    513
143    684855    513
144    126533    513
145    400173    513
146    754496    513
147    508329    513
148    122223    513
149    752696    513
150    251525    513
151    348378    513
152    990842    513
153    848840    513
154    363521    513
155    959698    513
156    492060    513
157    703449    513
158    506713    513
159    160726    513
160    564986    513
161    134443    513
162    84692    513
163    398608    513
164    498177    513
165    811964    513
166    325158    513
167    405684    513
168    57755    513
169    649768    513
170    335758    513
171    453850    513
172    98038    513
173    43277    513
174    880465    513
175    699460    513
176    128308    513
177    448412    513
178    374564    513
179    121218    513
180    356733    513
181    806590    513
182    595298    513
183    556426    513
184    699219    513
185    310027    513
186    615025    513
187    323873    513
188    258564    513
189    15635    513
190    451011    513
191    948988    513
192    770509    513
193    799714    513
194    935784    513
195    474657    513
196    521066    513
197    154409    513
198    303143    513
199    871861    513
200    230249    513
201    333747    513
202    996193    513
203    39392    513
204    406110    513
205    336560    513
206    192507    513
207    902427    513
208    667126    513
209    239461    513
210    547403    513
211    99191    513
212    532946    513
213    368682    513
214    658247    513
215    766477    513
216    184463    513
217    819023    513
218    744441    513
219    913266    513
220    691258    513
221    814096    513
222    49416    513
223    896125    513
224    210831    513
225    412241    513
226    458774    513
227    480268    513
228    652255    513
229    54682    513
230    838516    513
231    998481    513
232    313583    513
233    458397    513
234    591839    513
235    102070    513
236    983189    513
237    352211    513
238    934062    513
239    610638    513
240    12401    513
241    558069    513
242    386632    513
243    946081    513
244    857959    513
245    912135    513
246    991675    513
247    669803    513
248    589887    513
249    536917    513
250    740270    513
251    606589    513
252    870654    513
253    946387    513
254    727618    513
255    69265    513
256    904143    513
257    507995    513
258    517527    513
259    669030    513
260    848597    513
261    735215    513
262    232337    513
263    226087    513
264    202782    513
265    934076    513
266    860463    513
267    270839    513
268    661492    513
269    687541    513
270    280580    513
271    640001    513
272    934521    513
273    688985    513
274    504897    513
275    665234    513
276    39354    513
277    410112    513
278    645910    513
279    457678    513
280    560761    513
281    122848    513
282    91010    513
283    783043    513
284    380188    513
285    760548    513
286    411313    513
287    34560    513
288    371569    513
289    121479    513
290    474442    513
291    794532    513
292    565966    513
293    917952    513
294    284690    513
295    497172    513
296    291891    513
297    170165    513
298    40321    513
299    674655    513
300    772751    513
301    441811    513
302    907999    513
303    307398    513
304    701435    513
305    418419    513
306    16795    513
307    760971    513
308    282765    513
309    333825    513
310    171768    513
311    821862    513
312    241862    513
313    737417    513
314    784671    513
315    320850    513
316    301347    513
317    103156    513
318    526683    513
319    857669    513
320    631301    513
321    787686    513
322    193385    513
323    111341    513
324    763169    513
325    826299    513
326    297123    513
327    252763    513
328    475934    513
329    78489    513
330    869665    513
331    941986    513
332    148694    513
333    210866    513
334    992255    513
335    428246    513
336    84021    513
337    30634    513
338    533993    513
339    237615    513
340    297239    513
341    657414    513
342    620552    513
343    953629    513
344    276992    513
345    40741    513
346    309751    513
347    600186    513
348    216106    513
349    323229    513
350    998932    513
351    106210    513
352    203484    513
353    542095    513
354    37733    513
355    373046    513
356    895590    513
357    182688    513
358    69717    513
359    434377    513
360    148470    513
361    67452    513
362    587728    513
363    202275    513
364    122517    513
365    92991    513
366    209286    513
367    320407    513
368    351203    513
369    311353    513
370    171089    513
371    598512    513
372    287920    513
373    852577    513
374    542101    513
375    545226    513
376    811909    513
377    193421    513
378    654750    513
379    499277    513
380    206437    513
381    267345    513
382    254243    513
383    845845    513
384    107775    513
385    920188    513
386    870372    513
387    834215    513
388    921548    513
389    210039    513
390    903535    513
391    482556    513
392    205987    513
393    47901    513
394    930812    513
395    84479    513
396    524485    513
397    686473    513
398    734055    513
399    799786    513
400    272883    513
401    545812    513
402    540239    513
403    847494    513
404    963369    513
405    892967    513
406    988208    513
407    786952    513
408    489439    513
409    855083    513
410    306701    513
411    396834    513
412    854316    513
413    283544    513
414    217820    513
415    643213    513
416    863831    513
417    956957    513
418    55169    513
419    247458    513
420    297408    513
421    631270    513
422    599146    513
423    340280    513
424    40578    513
425    430682    513
426    139610    513
427    717065    513
428    688768    513
429    87643    513
430    243475    513
431    182291    513
432    117985    513
433    518272    513
434    755552    513
435    488397    513
436    529217    513
437    249793    513
438    509199    513
439    370566    513
440    455824    513
441    185841    513
442    255080    513
443    171566    513
444    241715    513
445    219379    513
446    316334    513
447    564952    513
448    490821    513
449    187393    513
450    454524    513
451    867344    513
452    980507    513
453    667836    513
454    458100    513
455    448090    513
456    549220    513
457    125178    513
458    949938    513
459    729477    513
460    445632    513
461    895276    513
462    912506    513
463    284315    513
464    656411    513
465    514944    513
466    430647    513
467    525541    513
468    693537    513
469    896708    513
470    155403    513
471    486853    513
472    354379    513
473    846299    513
474    987897    513
475    202677    513
476    951099    513
477    422893    513
478    474990    513
479    177215    513
480    508402    513
481    646001    513
482    432301    513
483    447950    513
484    428187    513
485    43146    513
486    280478    513
487    747015    513
488    124494    513
489    541259    513
490    602002    513
491    249695    513
492    127784    513
493    206192    513
494    417088    513
495    423230    513
496    158062    513
497    320579    513
498    677682    513
499    462761    513
500    662936    513
501    306387    513
502    478610    513
503    829040    513
504    329885    513
505    996569    513
506    493651    513
507    369852    513
508    64440    513
509    742126    513
510    119969    513
511    546149    513
 

 ******command: k count=512 
0    936232
1    869238
2    851877
3    242864
4    596324
5    979630
6    366852
7    678572
8    661425
9    590260
10    833081
11    907651
12    567441
13    619166
14    933156
15    413966
16    391863
17    219922
18    110277
19    303891
20    144511
21    451017
22    529637
23    585956
24    27119
25    296279
26    259863
27    50339
28    163223
29    523167
30    176477
31    238396
32    293479
33    891608
34    76628
35    6167
36    942745
37    200697
38    518771
39    184765
40    555036
41    681074
42    881918
43    831324
44    96333
45    231019
46    136649
47    573896
48    627715
49    998700
50    842053
51    552763
52    345357
53    803761
54    857835
55    451317
56    590862
57    905543
58    275521
59    124803
60    330401
61    615035
62    70696
63    320594
64    599800
65    248103
66    968956
67    991446
68    424791
69    928288
70    36807
71    706624
72    699372
73    724548
74    486767
75    650647
76    546679
77    639546
78    203506
79    719900
80    635030
81    942149
82    486142
83    213701
84    972573
85    336807
86    514995
87    615418
88    665403
89    484963
90    29124
91    970979
92    146969
93    364306
94    728319
95    358405
96    375341
97    974203
98    892724
99    953268
100    498826
101    885324
102    721041
103    185664
104    489458
105    130064
106    885393
107    493598
108    250208
109    942547
110    808197
111    167399
112    683223
113    834527
114    156165
115    789561
116    232763
117    523318
118    51935
119    769533
120    394546
121    195141
122    508193
123    468556
124    695392
125    619998
126    575041
127    419446
128    638783
129    605389
130    711797
131    145223
132    121701
133    294235
134    873510
135    63404
136    819341
137    808957
138    816541
139    989623
140    39140
141    737330
142    128127
143    733274
144    541705
145    962048
146    464767
147    285642
148    833025
149    334993
150    519467
151    106398
152    423558
153    695704
154    200739
155    995268
156    557642
157    728688
158    537041
159    68889
160    910270
161    175678
162    788088
163    320900
164    751735
165    877453
166    293321
167    280871
168    84044
169    170609
170    518953
171    267188
172    245690
173    122180
174    838256
175    732944
176    480867
177    109461
178    525568
179    204802
180    981431
181    245973
182    467432
183    315335
184    897219
185    146278
186    96237
187    431292
188    816670
189    538905
190    39526
191    374350
192    208972
193    221524
194    986437
195    734379
196    344312
197    858874
198    282999
199    279583
200    178101
201    125866
202    729907
203    955738
204    702079
205    693920
206    114521
207    984758
208    268657
209    562002
210    951700
211    551361
212    383613
213    227955
214    948111
215    589079
216    459818
217    207953
218    682698
219    154362
220    52986
221    397226
222    8190
223    901005
224    54546
225    776457
226    669245
227    139735
228    357751
229    959465
230    641650
231    1056
232    495560
233    83622
234    688146
235    184229
236    739547
237    550834
238    632372
239    803645
240    176441
241    104906
242    856784
243    829156
244    246667
245    753127
246    511342
247    618904
248    255648
249    39869
250    948133
251    44657
252    349539
253    152181
254    869213
255    715978
256    466160
257    377909
258    699890
259    791047
260    748903
261    402632
262    671799
263    886807
264    930467
265    955212
266    131923
267    580639
268    190802
269    290719
270    568724
271    6487
272    972654
273    22434
274    853953
275    42017
276    279153
277    795142
278    207941
279    596083
280    929488
281    303114
282    380062
283    480887
284    288305
285    151325
286    548779
287    385911
288    963960
289    58921
290    441745
291    441905
292    973643
293    911296
294    173040
295    878353
296    878823
297    150507
298    299494
299    274902
300    387084
301    10397
302    598049
303    909193
304    927199
305    100799
306    55851
307    694269
308    686704
309    826185
310    589211
311    211888
312    625139
313    157315
314    967473
315    340788
316    950769
317    241231
318    472091
319    976465
320    567115
321    355948
322    758189
323    346387
324    990290
325    708375
326    446434
327    416724
328    234186
329    579376
330    929603
331    895972
332    161588
333    308641
334    896284
335    329133
336    809001
337    624749
338    77075
339    789256
340    176415
341    818932
342    704993
343    658080
344    988359
345    263564
346    199354
347    4047
348    919880
349    771408
350    565333
351    54279
352    795282
353    303495
354    12110
355    258082
356    255693
357    515325
358    292551
359    442946
360    391091
361    652178
362    260014
363    571343
364    845556
365    282274
366    139856
367    582213
368    887959
369    379519
370    29782
371    831300
372    956358
373    246547
374    106589
375    625444
376    162949
377    780508
378    62737
379    349376
380    276638
381    587944
382    253220
383    686480
384    667630
385    436554
386    66885
387    431068
388    726218
389    556042
390    12940
391    399514
392    244560
393    278783
394    28494
395    931920
396    270719
397    529091
398    504702
399    484829
400    934465
401    650835
402    527591
403    823260
404    732166
405    80729
406    845303
407    305741
408    793687
409    369240
410    46611
411    755977
412    603992
413    39369
414    462423
415    438243
416    704793
417    791095
418    285890
419    619424
420    859692
421    551980
422    407684
423    227456
424    188154
425    870037
426    474763
427    104709
428    769781
429    146890
430    665784
431    352886
432    216466
433    222469
434    683636
435    270921
436    712398
437    794641
438    471463
439    390732
440    24868
441    190362
442    139473
443    102559
444    982939
445    972747
446    619612
447    377182
448    924962
449    901619
450    532502
451    76250
452    612480
453    727523
454    777354
455    367314
456    117383
457    335322
458    335610
459    720129
460    174963
461    732979
462    799039
463    3269
464    504841
465    380632
466    112025
467    177140
468    602199
469    360958
470    35396
471    71690
472    500779
473    902523
474    828357
475    768812
476    996920
477    736609
478    648528
479    68472
480    848283
481    804097
482    170097
483    557089
484    441922
485    803638
486    923498
487    762067
488    426782
489    84998
490    850267
491    906160
492    817503
493    386135
494    580893
495    752860
496    68024
497    910563
498    924914
499    45264
500    610615
501    252844
502    88406
503    39886
504    367178
505    667304
506    103227
507    631982
508    726443
509    178019
510    976328
511    579729
 
